FramewiseDisplacement
1.424284480000000686e-01
4.647556100000002632e-02
5.540904569999999252e-01
7.208973699999999818e-01
2.876879337000000092e-01
8.532219629999999999e-02
1.783771799999999963e-01
2.698118400000000250e-01
1.905602700000000316e-01
1.379081199999999952e-01
3.298909299999999711e-01
2.147687000000000068e-01
9.144410999999998124e-02
6.364317999999999365e-02
8.895482000000000389e-02
7.937650499999998610e-02
2.892126500000000502e-02
6.201173000000000102e-02
1.116189069999999894e-01
5.874051999999999052e-02
1.987934299999999724e-02
4.392186850000000253e-02
3.143186149999999818e-02
6.083748299999999082e-02
2.650104999999999128e-02
3.689936249999999085e-02
2.986121749999999173e-02
9.105635999999998897e-02
2.622476999999999794e-02
4.243561000000000555e-02
4.480362999999999707e-02
7.244739499999999777e-02
4.349910500000000318e-02
4.293439000000000977e-02
6.972340999999999955e-02
7.120914500000000147e-02
2.472773000000000332e-02
4.122089999999999782e-02
8.904982000000000175e-02
4.328313999999999773e-02
9.683105000000001572e-02
3.283785800000001143e-02
6.252660199999998669e-02
4.515667000000000986e-02
3.099732999999999308e-02
3.417041999999999996e-02
6.439541000000000015e-02
6.461809000000000303e-02
3.339162999999999853e-02
7.324189600000000078e-02
3.436864900000000805e-02
1.105365699999999868e-01
6.762891000000000041e-02
7.938080999999998222e-02
2.507870500000000114e-01
9.652190999999998855e-02
1.206964599999999915e-01
5.609054499999999860e-02
2.105702500000000005e-02
6.733456999999999637e-02
5.701734000000000663e-02
5.173454000000000247e-02
8.193164499999999739e-02
5.418834500000001275e-02
6.762445000000000261e-02
4.162735000000002128e-02
3.611363000000000073e-02
1.350440400000000318e-01
4.954815999999999387e-02
2.293602749999999399e-02
6.035471749999999497e-02
4.899340499999999682e-02
5.782250000000000584e-02
2.481904000000001095e-02
3.788953999999999933e-02
2.585620000000000626e-02
6.828034000000000880e-02
3.774290999999999063e-02
6.166229500000000585e-02
8.303585999999997525e-02
3.695472999999999814e-02
4.794913999999998733e-02
6.081549500000001801e-02
5.662228499999999443e-02
4.136038499999999257e-02
4.170151499999998068e-02
3.590052500000000951e-02
1.395810000000000453e-02
5.677011249999999731e-02
3.444890250000001014e-02
1.435096500000000719e-02
3.219455000000002315e-02
3.846213099999999385e-01
3.507815650000000174e-01
3.920635149999999181e-01
1.074306149999999654e-01
6.871250499999999317e-02
8.790470499999999965e-02
1.258235500000000062e-01
