FramewiseDisplacement
2.477279999999996637e-02
2.426500000000001225e-02
7.152155000000000318e-02
4.106870000000002047e-02
1.782035000000001951e-02
4.835981250000000176e-02
2.396711749999999239e-02
2.840687999999998853e-02
2.350142000000002979e-02
9.577387000000002482e-02
2.117604500000000167e-01
8.968020000000000158e-02
8.186404999999997989e-02
7.202520000000005307e-02
6.970110000000001582e-02
9.669054999999997235e-02
1.731248499999999968e-01
1.236119499999999843e-01
1.273950999999999834e-01
4.468829999999998637e-02
3.222331000000004664e-02
7.020023999999996933e-02
9.390841999999999246e-02
8.951620999999999884e-02
9.683524999999998384e-02
2.069998700000000025e-01
9.897299000000002456e-02
1.927790699999999968e-01
1.115350300000000211e-01
9.736600900000000336e-02
1.178473089999999834e-01
8.163938999999997836e-02
6.235167600000000171e-02
7.516797500000002574e-02
7.996739200000001213e-02
2.861653100000000755e-02
4.266067000000000470e-02
9.084629000000002397e-02
1.204036300000000115e-01
9.323140000000000593e-02
5.537782899999998953e-02
3.885693289999999633e-01
2.755858620000000148e-01
7.470123300000000577e-02
1.668633949999999699e-01
1.481135799999999947e-01
1.268116099999999913e-01
8.826849500000000237e-02
8.723365500000000716e-02
1.076849129499999891e-01
1.338248152499999788e-01
1.493190349999999889e-01
1.648241450000000330e-01
9.742822999999999067e-02
1.306505500000000042e-01
1.002122599999999975e-01
1.448810700000000007e-01
5.176972000000000518e-02
4.857191999999998372e-02
8.957564999999999278e-02
4.103965000000000390e-02
4.043820000000000053e-02
1.009032499999999860e-01
1.317385199999999978e-01
1.098297700000000071e-01
6.899270000000000402e-02
2.221860999999998934e-02
1.033473000000000031e-01
5.707727999999998719e-02
4.710637000000001545e-02
6.442613999999999286e-02
5.332823999999999898e-02
1.004184999999999939e-01
1.770550850000000009e+00
5.892676000000000025e-01
1.010174499999999254e-01
1.523868500000000459e-01
8.161485500000005555e-02
6.034969500000003650e-02
1.177509999999999946e-01
9.491439499999997087e-02
2.503359999999999613e-02
8.676925500000000346e-02
1.364134550000000168e-01
1.260095999999999994e-01
1.022380950000000011e-01
1.372657950000000238e-01
7.635714500000002902e-02
2.906784500000006433e-02
6.644119499999998069e-02
6.178165500000002558e-02
2.891950500000001895e-02
4.815847000000000877e-02
1.132124199999999664e-01
9.684690000000005516e-02
4.113970499999992925e-02
5.209545000000002229e-02
8.032870500000000025e-02
7.546585500000002611e-02
