FramewiseDisplacement
1.088591900000000084e-01
1.056146099999999838e-01
1.032994000000000273e-01
1.065843000000000207e-01
1.147564500000000237e-01
8.698641999999998098e-02
1.214927799999999947e-01
9.773791000000001117e-02
7.235993999999999760e-02
1.335444500000000090e-01
1.515620999999999774e-01
1.170133499999999882e-01
1.009253199999999850e-01
6.782795000000001184e-02
9.182432400000001271e-02
4.361823600000001855e-02
1.201053499999999719e-01
5.069951999999999792e-02
2.526991499999999835e-01
2.132800999999999447e-01
6.388268999999997810e-02
4.589882000000002071e-02
1.510293799999999909e-01
9.602496000000000642e-02
4.710690000000002098e-02
5.010648200000000774e-02
9.825022410000000539e-02
5.588836999999999278e-02
1.025505808999999935e-01
3.832865090000000530e-01
2.141186890000000009e-01
1.319032549999999970e-01
1.075693800000000061e-01
6.927368000000001802e-02
5.276597000000000232e-02
1.061940749999999850e-01
7.338514000000000148e-02
4.864467499999999139e-02
7.530678000000000372e-02
6.558590549999999963e-02
1.344354544999999956e-01
6.174859999999999377e-02
6.873966400000001975e-02
1.158342440000000029e-01
1.714760600000000135e-01
2.015984499999999846e-01
8.983249000000000095e-02
9.778497999999999357e-02
5.848819149999999467e-02
6.222054300000000315e-02
7.578532649999999982e-02
1.338409849999999957e-01
9.592103999999998520e-02
3.627285999999999011e-02
2.494080000000000255e-02
3.706195500000000753e-02
8.344155499999998671e-02
6.870160000000000156e-02
1.065104199999999945e-01
6.171569499999999403e-02
9.881672500000000803e-02
6.082549999999999069e-02
4.303749999999999937e-02
1.231690000000000007e-01
4.497724999999999640e-02
2.507314999999999891e-02
2.901240000000000069e-02
1.337382499999999752e-01
6.217842500000001632e-02
8.646042499999999353e-02
2.698380000000000223e-01
2.495603499999999864e-01
1.045138500000000054e-01
4.371760000000002311e-02
1.109057500000000113e-01
5.534870000000000068e-02
4.589640000000001080e-02
2.993684999999999749e-02
4.415434999999998805e-02
8.022295000000001508e-02
3.716905000000002290e-02
2.722549999999997195e-02
2.919379999999999892e-02
9.101414999999997424e-02
6.226870000000001015e-02
1.858152400000000204e-01
8.888369000000001519e-02
9.734001000000001846e-02
8.347543999999999798e-02
6.561398999999999704e-02
9.650895000000001001e-02
4.038354000000002331e-02
1.096309500000000187e-01
6.672379000000000504e-02
9.429723999999999051e-02
4.073288999999999382e-02
7.160234499999998392e-02
1.457523849999999843e-01
1.124340500000000076e-01
