FramewiseDisplacement
2.819775500000001184e-02
2.394626499999999783e-02
1.773631500000000943e-02
6.146001000000000936e-02
3.368021000000000209e-02
2.618220000000000963e-02
2.037959999999999772e-02
2.952365000000000197e-02
2.831084999999999505e-02
4.636999999999999456e-02
1.514599999999999974e-02
2.221219999999999792e-02
2.075370000000000686e-02
3.286769999999998582e-02
1.485270000000001381e-02
1.643322000000000532e-02
3.978438500000000544e-02
2.281278000000000472e-02
1.989387499999999837e-02
3.572938000000000502e-02
4.146011649999999799e-02
4.556818349999999102e-02
3.187738119999999203e-02
3.659060620000000041e-02
9.791825000000003998e-03
8.000870000000001939e-03
1.862275999999999515e-02
1.888875000000000276e-02
2.348403999999999769e-02
1.734746000000000204e-02
3.378401989999999661e-02
2.013109410000000349e-02
3.050072599999999884e-02
3.432797000000000626e-02
1.229005500000000112e-02
1.401252500000000310e-02
1.679223000000000174e-02
3.377423000000000231e-02
3.532717000000000496e-02
1.032500000000000258e-02
6.663167000000000395e-02
5.370163000000000020e-02
4.785354999999999470e-02
2.657206500000000235e-02
1.450465500000000171e-02
1.823117999999999961e-02
2.397434899999999203e-02
2.553313599999999794e-02
2.350272100000000419e-02
3.940804720000000427e-02
3.993345380000000444e-02
4.914537999999999546e-02
5.231625800000000437e-02
7.259529800000000255e-02
2.632019500000000109e-02
4.824584499999999554e-02
7.640375000000000638e-02
9.076265000000000027e-02
4.574771000000000393e-02
2.137294999999999820e-02
4.028899999999999842e-02
3.105056999999999609e-02
4.174633999999999984e-02
3.230220999999999787e-02
5.811513499999999832e-02
6.055316999999999644e-02
1.082463750000000058e-01
1.463901499999999967e-01
4.687867000000000423e-02
3.172367999999999716e-02
6.950957299999999117e-02
6.039396300000000190e-02
4.571955999999999937e-02
3.080704999999999902e-02
7.567630000000001578e-02
7.572225000000001871e-02
3.564486000000000043e-02
3.001704000000000178e-02
2.855923299999999498e-01
4.725682519999999665e-01
1.883129479999999800e-01
8.877580000000000193e-02
6.511825000000000252e-02
3.899825000000002595e-02
4.398260000000004527e-02
2.751114999999998076e-02
2.703199999999997272e-02
3.684370000000001394e-02
5.738585000000000907e-02
5.858169999999997962e-02
3.936809999999998921e-02
3.123585000000001638e-02
7.443695000000000173e-02
1.413828999999999780e-01
9.423250000000002458e-02
2.702189999999998413e-02
4.722370000000002815e-02
3.882709999999997552e-02
1.576550999999999647e-01
