FramewiseDisplacement
3.482483540000000377e-02
2.115781469999999942e-02
2.587834339999999997e-02
1.451134129999999411e-02
2.430881031000000150e-02
3.773550578999999155e-02
4.759302328000000748e-02
1.872085528000001081e-02
4.831829512000000715e-02
2.929686580000000901e-02
3.721019940000000470e-02
2.646216520000000197e-02
2.995362110000000452e-02
3.687809639999999750e-02
1.036600409999999944e-02
5.193310129999999941e-02
3.220516560000001582e-02
1.724250389999999397e-02
4.196277389999999996e-02
3.337874290000000799e-02
3.654308699999999493e-02
3.960407000000000510e-02
5.137206999999999885e-02
3.381522000000000694e-02
6.894513999999998810e-02
3.074506999999999934e-02
3.199755999999999434e-02
4.869920999999999278e-02
5.068831500000000462e-02
1.330783500000000050e-02
1.014035999999999757e-02
3.790501999999999760e-02
4.100105000000001110e-02
2.634864999999999777e-02
4.391124999999999889e-02
3.088475999999999722e-02
3.766045499999999546e-02
1.660806999999999561e-02
4.227576000000000250e-02
2.816055499999999337e-02
7.137944000000000233e-02
3.497593999999999703e-02
4.774732999999999755e-02
2.784054499999999779e-02
1.842269499999999935e-02
2.867734749999999860e-02
4.290356750000000330e-02
4.290356750000000330e-02
1.473975750000000237e-02
4.181726550000000597e-02
5.855184049999999363e-02
4.893282399999999976e-02
1.321566700000000039e-02
4.131920499999999774e-02
5.188737999999999684e-02
5.324819499999999817e-02
6.137294500000000513e-02
2.776171599999999531e-02
5.233976600000000284e-02
7.034608500000000264e-02
7.100577500000000708e-02
6.972012999999999128e-02
1.152432550000000167e-01
2.024740199999999768e-01
1.971458500000000114e-01
2.393385500000000388e-01
3.251887700000000159e-01
1.759829100000000202e-01
8.326939000000001256e-02
3.759198999999998486e-02
4.193321999999999328e-02
6.559407749999998649e-02
2.688284249999999334e-02
6.170061499999999338e-02
3.481215499999999741e-02
4.974485999999999492e-02
2.497844999999999926e-02
3.261302000000002033e-02
1.072519000000000597e-02
2.963684999999999237e-02
3.091896000000000921e-02
2.841589999999999394e-02
5.082852000000000897e-02
7.499345999999999790e-02
4.529191000000001160e-02
2.331884000000001081e-02
5.122206000000002063e-02
1.232726299999999942e-01
4.242071000000000036e-02
4.884596999999998163e-02
5.769270999999998040e-02
3.260921000000001346e-02
5.216850000000002041e-02
5.396111000000001351e-02
6.415492000000000417e-02
5.152039000000001312e-02
3.637993000000001864e-02
4.758191999999999283e-02
6.111706000000000777e-02
