FramewiseDisplacement
9.938320000000000487e-02
5.871060999999999641e-02
1.020957400000000043e-01
1.118961799999999979e-01
1.068445799999999946e-01
9.581238000000000254e-02
1.023448799999999992e-01
1.935515299999999994e-01
7.295379999999998533e-02
7.086949999999998806e-02
5.701855000000000118e-02
1.093899499999999997e-01
9.107210000000000305e-02
1.339366499999999904e-01
5.548730000000001022e-02
3.331075000000000008e-02
1.315381500000000203e-01
1.553730500000000125e-01
7.241485000000000283e-02
6.292994999999999839e-02
3.863950000000000717e-02
4.122164999999998469e-02
3.340155000000001595e-02
2.980570000000000788e-02
2.751280000000000045e-02
3.158344999999999209e-02
3.832254999999999689e-02
8.027659999999998963e-02
7.958299999999997321e-02
3.260899999999997134e-02
2.537714999999998375e-02
6.781089999999999340e-02
9.402039999999999009e-02
5.376850000000001073e-02
1.312467499999999954e-01
1.695187999999999973e-01
1.535529999999999951e-01
7.994964999999999711e-02
1.267348499999999822e-01
3.240268299999999879e-01
1.874821349999999942e-01
1.758745549999999880e-01
1.385275609999999935e-01
1.338777909999999960e-01
1.211986965000000083e-01
5.017185849999999947e-02
3.041728200000000382e-02
4.378375099999999576e-02
7.570830700000000246e-02
7.920918200000000298e-02
5.798413399999999274e-02
6.437364900000000500e-02
1.203599280000000049e-01
1.178596590000000055e-01
4.544472599999999085e-02
1.248961360000000048e-01
1.154641049999999836e-01
6.052123499999999962e-02
1.929855000000000112e-02
4.684871000000000868e-02
6.314306000000000085e-02
3.150482999999999756e-02
6.566573000000000548e-02
3.305751000000000522e-02
1.122428850000000006e-01
7.070199500000000359e-02
4.965543000000000040e-02
6.439832999999998975e-02
6.166326500000000876e-02
7.109303499999999887e-02
1.331519700000000084e-01
6.679809999999999914e-02
8.573180999999999163e-02
1.043203600000000009e-01
1.078921499999999922e-01
8.308711000000000568e-02
8.156665999999999916e-02
9.377694999999999781e-02
5.129885000000000694e-02
5.700534499999999200e-02
1.488418950000000018e-01
9.862235999999996450e-02
2.086251400000000145e-01
1.418161500000000019e-01
9.250564000000000009e-02
7.918014999999999082e-02
5.061862900000001220e-02
1.051201489999999683e-01
8.261156999999999528e-02
1.794384999999997996e-02
7.020534999999999970e-02
4.063959999999997019e-02
4.053459999999997621e-02
9.325296999999999059e-02
2.400868999999997838e-02
5.491310000000002023e-02
4.163960999999997969e-02
2.768858000000000430e-02
1.217327678000000163e-01
