FramewiseDisplacement
4.550811499999998094e-02
3.519440000000000068e-02
5.091124999999995654e-02
7.746180000000001120e-02
5.481614999999995241e-02
3.741305000000001019e-02
2.332385000000003136e-02
2.279729999999999951e-02
1.624309999999999990e-02
1.567344999999995686e-02
2.469344999999999873e-02
6.659798999999999580e-02
7.186649999999997207e-02
5.146983999999998893e-02
5.675068499999996047e-02
5.537910049999998641e-02
3.001038549999997251e-02
1.557018999999997336e-02
2.257863499999999968e-02
2.732673500000001518e-02
1.973544999999999119e-02
2.481925499999999146e-02
2.233383499999999980e-02
1.682104499999997546e-02
1.189922500000002367e-02
2.712723249999998698e-02
5.219320249999999384e-02
5.759101499999999541e-02
5.684477499999998629e-02
4.961936000000000124e-02
6.133313999999999433e-02
4.714562699999997469e-02
7.920388699999998672e-02
1.832619999999998694e-02
3.218924999999996789e-02
2.236719999999998987e-02
6.282434999999998715e-02
1.637253999999998752e-02
2.598729000000001704e-02
3.730614000000000846e-02
1.824332000000000037e-02
1.917561999999999392e-02
1.649259399999999931e-01
2.118974199999999752e-01
1.223630749999999878e-01
4.186932000000001541e-02
5.735661000000000231e-02
9.400073499999998805e-02
6.224371999999998850e-02
9.278842550000000744e-02
8.150295049999999042e-02
5.977059499999999581e-02
5.505242000000000469e-02
5.255374000000000156e-02
5.533965999999999191e-02
3.037117000000000289e-02
5.029276999999998665e-02
3.171557999999999322e-02
4.445209999999998052e-02
4.081680000000000030e-02
5.516599999999999282e-02
1.016517000000000115e-01
1.292974500000000082e-01
6.833249999999999047e-02
2.950109999999998150e-02
2.391574999999999257e-02
4.832380000000000703e-02
5.644699000000000938e-02
3.265778999999999210e-02
7.152896000000000254e-02
7.056044000000000205e-02
4.123979999999999313e-02
7.534445000000000725e-02
4.044824999999998422e-02
3.204814999999998359e-02
4.066022900000002688e-02
7.785752100000001286e-02
4.754460000000001324e-02
4.285079999999998057e-02
6.905640000000001777e-02
4.863209999999998367e-02
2.177469999999999406e-02
4.057670000000000721e-02
3.560789999999998401e-02
5.136230000000000656e-02
4.124007999999999147e-02
5.837488000000001093e-02
3.807540000000001618e-02
5.906559999999998894e-02
3.051649999999995339e-02
2.277399999999999564e-02
3.652059999999999335e-02
3.917809999999997267e-02
3.142909999999999454e-02
4.428250000000001629e-02
2.482180000000001885e-02
3.789529999999997206e-02
2.858909999999998536e-02
4.111600000000000671e-02
