FramewiseDisplacement
3.438808500000003349e-02
3.282184999999999964e-02
3.925250000000000961e-02
6.598064999999996016e-02
1.206080000000000069e-01
7.074999999999999345e-02
4.748350000000001181e-02
2.945929999999999382e-02
2.842489999999999253e-02
4.383105000000002416e-02
4.125635000000001801e-02
4.165445500000001383e-02
6.536245499999999986e-02
7.465699999999998726e-02
4.060239999999995519e-02
3.293550000000000644e-02
5.707344999999999779e-02
3.258444999999998010e-02
3.194125000000001130e-02
2.074654999999999208e-02
3.324999999999999484e-02
2.372980000000000922e-02
3.002084999999998782e-02
9.768895000000002438e-02
7.816970500000001154e-01
5.146642500000000453e-01
1.133193784999999787e+00
2.901876050000000151e-01
2.719390099999999810e-01
7.820101000000000135e-02
8.813755900000000421e-02
1.992073890000000125e-01
3.326991500000000407e-02
5.331040000000000084e-02
2.065368249999999795e-01
3.101546999999999638e-02
1.078691349999999910e-01
5.316915500000000266e-02
5.500236500000000445e-02
2.488032999999999911e-02
7.494768000000000263e-02
5.534663499999999126e-02
4.255650999999999184e-02
6.047136799999998369e-02
6.343481799999999005e-02
3.310723499999999875e-02
7.319615499999999886e-02
3.311155499999999391e-02
3.731102499999999766e-02
2.994783629999999558e-02
3.521364629999999829e-02
3.125179000000000151e-02
3.875722000000000195e-02
1.125120100000000095e-01
5.197436999999999890e-02
8.320102499999999790e-02
6.089079499999999756e-02
2.958297499999999747e-02
5.528933999999999932e-02
3.056194999999999745e-02
4.901641500000000762e-02
7.004131999999999025e-02
1.803436300000000048e-01
1.256577749999999993e-01
8.388761000000000134e-02
1.346351849999999906e-01
9.104029399999999383e-02
5.529024099999999692e-02
1.436352000000000184e-01
1.487071350000000181e-01
7.862253500000000728e-02
7.138941999999999510e-02
4.664449649999999337e-02
6.252183850000002374e-02
9.586713499999999222e-02
4.637976300000000440e-02
1.831077700000000030e-02
4.251647500000000496e-02
2.991608500000001933e-02
4.357574199999998676e-02
3.265323699999999468e-02
2.445130500000000998e-02
1.681079999999999380e-02
4.188116500000001879e-02
4.220062000000000813e-02
2.629964000000000954e-02
7.664075499999999097e-02
1.793926550000000120e-01
4.398377000000000536e-02
1.085001000000000021e-01
9.742405200000001098e-02
3.736685799999998892e-02
5.407506000000000812e-02
1.284408999999999725e-02
3.863554099999997465e-02
9.127605900000000660e-02
1.086038899999999946e-01
8.793156700000000214e-02
7.536654299999999418e-02
