FramewiseDisplacement
3.642235000000000611e-02
4.313645000000000673e-02
3.662810000000002453e-02
5.205104999999999454e-02
1.746930000000000011e-02
3.040397000000002320e-02
2.981276999999998151e-02
2.429556999999997816e-02
4.433207000000000120e-02
6.016253000000000573e-02
2.183382999999999852e-02
3.936579999999999246e-02
8.649495000000002876e-02
8.174855000000003091e-02
4.422919999999998242e-02
5.185400000000001813e-02
3.799685000000000562e-02
2.198685000000003345e-02
6.288205000000003653e-02
5.894044999999999840e-02
4.505425000000001790e-02
6.435165000000001023e-02
4.776933399999999663e-01
1.828102900000000142e-01
1.846975449999999908e-01
7.695704500000000170e-02
1.461291800000000252e-01
7.828243000000001395e-02
2.160430500000000142e-01
7.766368500000001007e-02
5.740400499999999406e-02
7.476930499999998037e-02
2.800292550000000324e-01
2.114524299999999968e-01
8.919823999999999808e-02
1.455506200000000194e-01
5.600845999999999603e-02
4.845769100000001106e-02
2.389817890000000000e-01
1.781789279999999864e-01
4.875813000000000369e-02
4.283828000000000635e-02
1.026127780000000017e-01
1.101936879999999980e-01
3.023582649999998970e-02
5.079967350000000326e-02
7.682193349999999477e-02
6.867675000000000862e-02
4.096689000000001274e-02
4.806150349999999127e-02
3.084831000000000031e-02
2.505396349999999828e-02
7.246654349999999412e-02
2.859363000000000876e-02
3.613084999999999908e-02
2.729140699999999670e-02
3.191913299999998843e-02
3.782720000000000526e-02
3.827131000000000283e-02
3.579717000000000315e-02
6.746748000000001022e-02
4.246400000000000868e-02
5.639175000000000437e-02
2.884630000000000874e-02
5.360335000000000100e-02
7.859865000000000601e-02
2.332129000000000146e-02
6.712969000000000575e-02
1.005083199999999982e-01
4.848115000000001451e-02
1.049960300000000041e-01
1.540381299999999676e-01
9.207339999999999969e-02
3.478852999999999807e-02
2.368726999999999291e-02
2.547265999999999420e-02
4.083501999999999965e-02
