FramewiseDisplacement
1.140670000000000052e-02
1.182580000000000610e-02
3.112214999999999773e-02
1.475095000000000225e-02
3.049345000000000180e-02
8.800324649000000610e-02
3.482473648999999394e-02
5.330761000000000527e-02
4.753815999999999597e-02
3.293743000000000365e-02
3.515892999999999102e-02
2.858335000000000042e-02
1.657020000000000368e-02
3.871368000000001419e-02
2.694671000000000566e-02
3.449238999999999777e-02
2.006570960000000209e-02
1.584938989999999659e-02
8.478045049999999305e-02
1.421787000000000051e-02
3.315814499999999998e-02
3.493767999999999874e-02
1.079816999999999583e-02
1.195706000000000199e-02
1.109697500000000198e-02
1.511382500000000781e-02
5.208692499999999226e-02
3.120944999999999622e-02
2.710162549999999698e-02
2.763478550000000172e-02
6.904836999999999780e-02
4.465121199999999568e-02
2.695756799999999773e-02
1.101602000000000484e-02
1.589046000000000902e-02
1.666636000000000159e-02
2.173981999999999651e-02
2.386688999999999478e-02
4.753880000000000605e-02
4.124423099999999232e-02
6.571979399999999805e-02
6.864261500000000404e-02
3.603510999999999520e-02
5.717748049999999554e-02
9.150705050000000618e-02
7.296550000000000258e-02
6.248629999999998942e-03
6.821834000000000231e-02
2.106686500000000059e-02
3.337806599999999790e-02
2.266580600000000015e-02
4.449199999999999509e-03
1.695597999999999897e-02
4.555036500000000238e-02
6.501720000000001110e-02
2.350288999999999850e-02
2.788143000000000565e-02
4.468537499999999940e-02
4.067124149999999660e-02
2.418323049999999974e-02
8.225180899999999518e-02
4.643550999999999235e-02
4.121720999999999718e-02
2.018057499999999921e-02
3.304670999999999997e-02
2.848294999999999993e-02
5.032973900000000528e-02
2.400380990000000048e-01
1.914445500000000189e-01
5.138815999999999523e-02
4.615473999999999272e-02
4.663475000000000259e-02
1.583280299999999599e-02
6.307627899999999899e-02
3.198205900000000712e-02
2.381281500000000453e-02
8.645305000000002432e-03
5.105810000000000209e-02
2.049754000000000506e-02
2.436301499999999481e-02
1.944602999999999957e-02
1.316161000000000414e-02
2.163003000000000148e-02
3.962857500000001310e-02
5.171270999999999507e-02
6.743324500000000277e-02
3.745419000000000526e-02
2.539731349999999749e-02
2.430399849999999307e-02
8.873194700000000545e-02
2.834398199999999327e-02
2.380395799999999659e-02
2.005092499999999722e-02
1.250660929999999893e-01
6.310787600000000719e-02
9.311566000000000287e-02
4.978587099999999543e-02
3.063370400000000118e-02
4.347404930999999861e-02
