FramewiseDisplacement
2.678982610000000264e-01
1.048861459999999995e-01
1.220202260000000094e-01
1.181105499999999808e-01
1.920931240000000040e-01
9.622503400000001483e-02
1.556804180000000148e-01
1.378728800000000032e-01
1.309140599999999710e-01
6.622507999999999173e-02
7.313617000000000035e-02
5.541857999999999507e-02
9.561865000000002723e-02
1.826951000000000963e-02
6.746565000000000201e-02
2.965739999999999696e-02
9.086383000000000654e-02
1.452836999999999879e-02
3.172394999999998688e-02
3.757475000000000398e-02
5.859550000000000869e-02
6.535290500000000280e-02
1.133068550000000119e-01
7.905924999999999758e-02
3.772722900000001489e-02
4.224429100000001019e-02
2.053020000000000192e-02
6.341652000000000400e-02
5.665891000000000677e-02
3.803037999999999558e-02
3.474564950000000318e-02
5.732636949999999482e-02
3.988303000000000681e-02
4.074007999999999796e-02
5.863878000000000146e-02
1.790065000000000059e-02
3.673883499999999747e-02
1.094157799999999903e-01
8.880854500000000262e-02
1.719419000000000156e-02
1.770220999999999947e-02
1.325959999999999726e-03
5.455673000000000467e-02
6.036185999999999635e-02
1.759684600000000210e-01
3.403003999999999751e-02
7.478472000000001285e-02
5.289871999999999630e-02
5.220407999999999993e-02
3.781965999999999800e-02
2.522023500000000404e-02
5.363108500000000195e-02
8.798646999999999718e-02
2.530081399999999925e-01
2.960877100000000040e-01
2.412664000000000197e-01
3.792775499999999633e-01
4.154764449999999720e-01
4.418522650000000218e-01
3.197778199999999904e-01
3.073676200000000081e-01
3.927417749999999597e-01
3.456014450000000071e-01
1.969791499999999917e-01
1.613265749999999998e-01
3.556434150000000183e-01
1.234852900000000114e-01
3.099396799999999952e-01
6.027014800000000116e-01
1.341038500000000022e+00
3.565723999999999561e-01
2.058257000000000281e-01
1.538468500000000072e-01
6.186364999999999920e-02
1.056879500000000027e-01
7.841821000000000208e-02
9.513826000000001615e-02
9.379101000000000798e-02
3.556715499999999613e-02
1.369165650000000178e-01
2.384444999999999759e-01
1.591035999999999839e-01
1.049672500000000119e-01
1.360875299999999843e-01
7.999275000000000135e-02
7.707122500000000709e-02
2.968085449999999792e-01
2.082348199999999872e-01
2.187426500000000107e-01
4.437087499999999851e-01
1.220721380000000245e-01
5.713579879999999278e-01
7.509056500000000911e-01
2.205697399999999864e-01
2.460214399999999801e-01
5.840044999999999958e-02
1.789480799999999816e-01
9.882378999999999469e-02
3.229575999999999975e-02
