FramewiseDisplacement
3.698174999999997298e-02
4.537016999999999439e-02
4.264217000000000701e-02
4.411131999999998859e-02
9.051598000000007915e-02
7.195429999999991555e-02
4.607582000000002426e-02
5.240930000000000588e-02
4.815532000000002227e-02
5.700670999999993965e-02
1.144834999999994052e-02
4.274591999999997199e-02
4.534979999999998179e-02
3.321785000000005567e-02
2.452065000000004311e-02
2.832929999999999823e-02
2.888373000000003452e-02
9.226132999999998863e-02
4.819739999999998747e-02
3.173231000000002744e-02
2.895694999999998132e-02
3.070571999999997803e-02
6.224899999999998490e-02
1.484031000000000933e-02
3.325134000000001117e-02
2.208284499999997944e-02
3.446797000000000749e-02
3.672601500000001462e-02
5.042146999999998214e-02
8.215352800000000344e-02
2.848486800000001040e-02
2.437334899999998861e-02
2.450058899999999623e-02
3.417233700000000401e-02
3.275731499999998825e-02
1.912778500000000478e-02
3.888191599999999554e-02
3.805687499999999002e-02
1.132070799999999010e-02
2.171814299999999878e-02
5.464634499999999895e-02
6.071777000000000424e-02
3.538812499999999944e-02
3.888576100000000479e-02
3.655244399999999644e-02
2.485840799999999504e-02
6.132385699999999551e-02
5.299501399999999307e-02
4.721349300000000221e-02
4.079927100000000501e-02
1.378640000000000074e-02
6.495667599999999098e-02
4.106617499999999643e-02
3.159522099999999972e-02
2.734689099999999817e-02
3.697838600000000198e-02
2.829227900000000351e-02
2.737846500000000113e-02
2.877609699999999354e-02
3.879718700000001075e-02
4.097947000000000395e-02
3.791835000000000344e-02
5.312486000000000291e-02
4.995108999999998273e-02
5.285617199999999294e-02
7.904816199999999127e-02
2.512102800000000705e-02
4.108360299999999632e-02
7.173465000000002999e-03
3.822231000000000239e-02
6.118076499999999113e-02
7.221794500000000561e-02
9.189325799999997768e-02
6.735241800000001111e-02
9.972238999999999409e-02
1.096602160000000326e-01
1.010374719999999893e-01
3.191424799999999229e-02
6.141851999999994871e-02
4.667519999999995145e-02
5.444979199999999686e-02
2.976747499999998769e-02
2.065352200000000749e-02
4.418469799999997366e-02
6.351696299999999573e-02
6.012255000000005234e-02
8.108314999999999273e-02
4.351092999999996158e-02
4.198573999999995199e-02
3.605041999999998581e-02
4.068042499999999229e-02
3.130418499999995663e-02
2.885676499999998978e-01
3.054739999999999123e-01
9.542954999999998800e-02
9.671045000000004499e-02
4.067999999999995925e-02
1.247720499999999816e-01
1.027164000000000132e-01
