FramewiseDisplacement
6.114984000000001085e-02
6.457477000000000356e-02
4.498844999999997846e-02
4.809676000000001617e-02
2.293370000000000131e-02
2.126837899999999837e-01
2.034154999999999713e-01
6.293691499999999606e-02
1.610244200000000014e-01
7.117582999999999549e-02
8.355410499999997576e-02
4.690078999999995613e-02
8.087225999999997361e-02
9.734805499999998890e-02
9.966192500000001231e-02
3.023378000000003993e-02
3.781121499999998137e-02
2.269827999999999776e-02
1.178215950000000012e-01
5.068179999999998520e-02
4.047799999999998621e-02
5.251142999999999089e-02
7.523258500000001847e-02
7.329985499999998322e-02
6.208346000000000697e-02
4.436301000000002215e-02
9.581695499999999532e-02
4.810374999999998680e-02
1.026712899999999706e-01
5.155440499999999066e-02
5.808826500000000004e-02
7.193604250000001921e-02
7.637558749999999452e-02
9.550849999999999618e-02
5.100740000000000829e-02
5.447225000000001371e-02
7.335750499999998953e-02
8.898885499999997784e-02
3.440039999999999071e-02
4.458664999999997075e-02
7.525187999999996546e-02
6.197589000000000570e-02
5.513521999999999174e-02
9.891806000000000210e-02
7.007594999999997021e-02
5.606550000000001116e-02
8.900550000000000128e-02
8.348699999999997790e-02
1.840322400000000136e-01
5.336398129999999629e-01
4.624133679999999913e-01
1.408578550000000040e-01
4.851729999999997850e-02
7.054664999999997466e-02
9.341434999999999322e-02
9.450440000000001617e-02
4.747389999999997168e-02
1.563150000000000373e-01
5.808520000000002431e-02
8.812250000000002026e-02
4.750309999999998561e-02
5.885080000000000172e-02
5.076539999999997443e-02
8.518439999999999346e-02
1.475298500000000457e-01
1.137019500000000238e-01
3.528690000000003768e-02
7.256519999999998249e-02
3.558055000000002327e-02
5.836334999999998052e-02
2.500977499999999520e-01
1.234085000000000182e-01
1.103564999999999685e-01
1.516745999999999372e-01
7.015929999999993838e-02
5.218209999999995352e-02
4.129549999999999887e-02
5.679944999999998745e-02
1.098977000000000148e-01
5.845830000000003246e-02
6.703200000000000824e-02
6.419040000000005020e-02
2.007391000000000036e-01
6.684060000000004165e-02
7.046345000000002468e-02
9.241194999999999271e-02
1.975956499999999560e-01
9.124122700000000252e-01
7.668948200000000881e-01
1.826162000000000341e-01
2.249411999999999523e-01
8.113529999999999354e-02
2.013885999999999732e-01
8.380240000000001299e-02
1.147437999999999930e-01
2.246145999999999976e-01
1.035542000000000129e-01
2.780845999999999041e-01
2.884456999999999716e-01
