FramewiseDisplacement
1.797600999999995341e-01
1.358753500000000614e-01
1.228952499999999975e-01
2.125211500000000753e-01
2.402550000000001906e-01
2.008556499999999967e-01
1.741879500000001468e-01
1.158588999999997926e-01
5.999678499999997472e-01
3.658538450000000886e+00
1.036949200000000015e+00
4.249984999999997237e-01
1.677924999999999556e-01
2.078363000000006955e-01
2.033317999999996739e-01
9.193241000000004215e-01
1.507568600000000147e+00
7.417310000000003622e-01
8.343885000000001995e-01
7.253100000000000103e-01
3.648150000000001669e-01
6.891184999999997451e-01
4.924940000000000428e-01
2.100585000000002589e-01
5.920894500000003502e-01
6.608497850000000007e+00
1.778871200000000208e+00
7.096019000000004517e-01
3.503186000000002021e-01
5.664999000000000562e-01
6.688885350000000063e-01
5.003677149999999907e-01
4.197359499999998578e-01
2.980525000000000535e-01
6.718389999999993534e-02
1.019757000000000025e-01
3.064419999999999922e-01
3.145630000000000370e-01
5.125099999999992162e-02
1.313996999999999804e-01
5.835070000000010942e-02
8.593449999999994149e-02
2.342422999999999866e-01
2.542044999999999999e-01
8.745940000000002046e-02
7.757699999999997931e-02
2.890765000000000140e-01
4.916719000000000506e-01
5.405060702499999703e-01
2.280701502500000200e-01
3.063720699999999963e-01
4.005789600000000394e-01
3.064138000000000139e-01
2.585293000000000174e-01
4.255067599999999284e-01
1.233841599999999650e-01
5.267385500000001386e-01
3.969609999999988009e-02
1.361344499999999902e-01
2.115990499999999275e-01
1.375686400000000198e-01
4.945432799999992246e-02
1.145244679999999904e-01
1.378655800000000986e-01
1.246020800000000178e-01
6.736284999999997414e-02
1.295032499999999032e-01
1.105998000000001785e-01
1.160114000000000145e-01
2.650219499999999506e-01
1.660411499999999707e-01
2.135858499999998827e-01
9.261555499999997165e-01
6.281512349999999856e+00
4.925209999999999866e+00
1.465078000000000547e+00
6.729099999999994530e-01
5.311155000000000737e-01
2.026845499999999856e+00
6.055685000000002871e-01
1.591660000000001129e-01
9.834385000000001043e-01
2.030318499999999915e+00
1.391926500000000066e+00
6.902290500000000106e-01
1.081846849999999804e+00
4.680512500000003073e-01
2.738437499999998304e-01
1.297343100000000193e+00
2.926868899999999662e+00
1.209857700000000147e+00
5.554124499999998354e-01
3.344234500000000110e-01
3.811753999999997755e-01
8.019387000000001153e-01
2.303434199999999876e+00
6.374665499999999652e-01
6.461384500000000308e-01
9.314317499999998917e-01
