FramewiseDisplacement
3.363341999999999721e-02
5.373426000000000591e-02
2.899698500000000984e-02
1.519407499999999092e-02
3.108829500000000537e-02
3.576681500000000041e-02
3.792553999999999370e-02
2.878965949999999496e-02
2.797276549999999987e-02
2.426776999999999754e-02
1.820091000000000070e-02
2.179248500000000033e-02
3.927420999999998996e-02
3.856003499999999945e-02
2.082801999999999917e-02
1.665495699999999801e-02
2.728066199999999372e-02
2.338024999999999826e-02
5.319153999999996947e-03
1.977063299999999926e-02
3.279711600000000116e-02
2.061397400000000019e-02
2.835770500000000041e-02
2.996306499999999706e-02
2.948890499999999582e-02
3.351111000000000367e-02
2.844465000000000188e-02
2.148282500000000400e-02
2.039647499999999725e-02
1.899542999999999371e-02
2.323282000000000472e-02
3.110769000000000381e-02
3.015545600000000062e-02
4.097396000000000371e-02
4.428857400000000416e-02
1.556398000000000503e-02
2.905768499999999976e-02
2.646258000000000637e-02
3.256939500000000098e-02
5.931914900000000157e-02
4.657665099999999669e-02
4.000381999999999549e-02
2.561706000000000052e-02
2.364404650000000163e-02
1.199587500000000133e-02
3.228685900000000109e-02
1.566337900000000158e-02
4.715913149999999970e-02
6.290911999999999893e-02
3.879295300000000501e-02
4.086150300000000041e-02
3.048259000000000385e-02
2.146656999999999732e-02
2.146665500000000115e-02
2.960461000000000342e-02
2.712925999999999879e-02
3.139978499999999950e-02
3.737442000000000542e-02
2.202325999999999936e-02
2.423083999999999655e-02
3.083559999999999773e-02
2.471759999999999929e-02
4.997821000000000902e-02
1.371212500000000035e-02
1.484883500000000293e-02
2.422463999999999867e-02
1.814511000000000249e-02
1.761810999999999933e-02
1.857282000000000377e-02
1.834773999999999433e-02
4.302426999999998947e-02
2.029754999999999754e-02
1.104435000000000312e-02
1.331131999999999801e-02
1.230273000000000130e-02
2.379745000000000124e-02
4.266811000000000215e-02
4.892451000000000438e-02
2.283439999999999429e-02
2.076934999999999545e-02
2.748509999999999842e-02
1.939524999999999930e-02
2.954835000000000447e-02
2.637129999999999683e-02
4.100025000000000197e-02
7.090550000000001019e-03
1.923575000000000285e-02
3.088554999999999426e-02
3.475174999999999792e-02
3.262059999999999960e-02
5.781684999999998908e-02
4.495036000000000170e-02
3.079909000000000119e-02
2.591741999999999310e-02
1.850464999999999055e-02
2.703710000000000488e-02
4.749638999999999250e-02
3.483250000000000235e-02
2.193153999999999590e-02
