FramewiseDisplacement
2.903029999999999500e-02
3.332819999999999533e-02
4.119100000000000539e-02
3.329290000000000027e-02
4.720779999999997339e-02
3.328834999999998739e-02
7.698810000000001763e-02
4.606704999999998440e-02
2.413720000000000449e-02
3.828404999999998615e-02
3.602064999999998046e-02
4.885960000000000997e-02
5.134579999999999006e-02
1.222910000000000490e-02
1.854130000000000361e-02
3.197155000000000830e-02
7.271244999999999792e-02
9.410179999999998546e-02
2.326639999999999611e-02
6.962034999999999751e-02
3.806570000000000786e-02
3.044299999999999437e-02
3.534459999999999685e-02
8.452714999999999534e-02
6.583345000000001557e-02
5.951355000000001227e-02
4.382845000000000490e-02
3.249314999999999842e-02
3.312575000000000242e-02
2.843559000000000017e-02
4.872858999999999524e-02
5.645218999999999931e-02
6.739682999999999091e-02
4.687669500000000294e-02
3.352700000000000125e-02
1.893531499999999770e-02
5.053826000000000152e-02
4.230820999999999887e-02
2.924920500000000034e-02
3.144418499999999950e-02
5.128274499999999764e-02
1.927017500000000050e-02
6.715787500000000576e-02
4.639337999999999795e-02
5.709751000000000409e-02
5.720495499999999484e-02
7.081562499999999316e-02
6.929978500000000263e-02
3.983077000000000145e-02
1.945831399999999739e-02
1.595532099999999801e-02
3.052942999999999976e-02
4.584297000000000372e-02
4.866476599999999819e-02
5.782355100000000081e-02
2.940439999999999721e-02
2.115878000000000550e-02
3.334627999999999898e-02
5.167507000000000350e-02
6.098559855000000585e-02
3.348594354999999412e-02
4.779416499999999957e-02
3.718485999999998626e-02
6.280987000000000375e-02
4.946320999999999357e-02
1.157141400000000209e-01
5.648984999999999423e-02
3.916647499999997839e-02
9.213705500000000936e-02
4.081370000000000137e-02
3.607010000000001465e-02
3.735340000000000188e-02
5.706514999999999505e-02
4.193494999999998474e-02
7.028869999999998175e-02
1.064114000000000171e-01
3.868869999999998560e-02
5.021209999999999563e-02
3.299270000000000674e-02
8.764655000000001750e-02
5.900224999999997832e-02
3.280010000000001258e-02
5.890640000000003235e-02
4.840229999999998145e-02
7.683629999999999627e-02
3.269380000000000203e-02
7.152959999999999874e-02
3.495660000000003903e-02
5.614499999999999352e-02
7.255960000000000187e-02
5.717680000000001372e-02
7.447489999999999666e-02
8.717389999999998473e-02
1.058325999999999850e-01
5.778949999999999365e-02
5.966104999999999325e-02
3.890095000000003828e-02
5.845230000000001258e-02
4.998240000000001015e-02
