FramewiseDisplacement
1.018448500000000007e-01
5.846796999999999411e-02
5.908237999999999684e-02
8.309690000000001520e-02
1.121640000000000137e-01
1.163415000000000005e-01
9.521960000000000146e-02
1.616351999999999789e-01
1.137433099999999864e-01
1.012910000000000373e-02
4.382977999999999874e-02
4.403974999999999557e-02
6.371103999999999656e-02
6.702254700000000176e-02
5.164910200000000229e-02
4.144933499999998994e-02
4.795917999999999709e-02
3.788289000000000240e-02
4.565753999999999646e-02
3.603023999999999810e-02
3.889536000000000382e-02
3.920500000000000373e-02
3.277546000000001319e-02
3.418398000000001657e-02
6.997486499999999721e-02
1.022293950000000007e-01
6.130495000000000388e-02
8.406846999999999237e-02
9.050559999999999161e-02
3.187284000000000644e-02
5.446267500000000206e-02
9.971212999999998217e-02
6.936404000000000181e-02
4.377378999999999992e-02
3.632231850000000595e-02
3.586571399999999299e-02
7.566163249999999230e-02
7.850316000000000238e-02
4.803846000000000505e-02
7.818840000000000512e-02
1.203647949999999689e-01
3.946216000000001001e-02
9.034481499999999499e-02
5.274091000000000196e-02
7.679432000000001313e-02
7.527889000000000108e-02
6.638151999999999942e-02
6.464419499999998764e-02
3.921512650000000266e-02
7.392849549999999659e-02
7.457342599999999821e-02
8.499534000000001643e-02
5.151128999999999430e-02
8.651530999999999805e-02
6.667546000000000583e-02
5.669610999999999401e-02
1.151511699999999971e-01
6.639967700000000417e-02
1.227874279999999901e-01
6.023635500000000531e-02
7.570322999999999636e-02
6.415160999999999780e-02
4.486590000000000716e-02
8.928376750000001361e-02
5.720824750000000347e-02
9.404275499999999177e-02
4.108107500000000162e-02
7.732603999999999866e-02
2.342830350000000006e-01
9.602316499999997979e-02
4.951462050000000059e-01
2.879641900000000643e-01
9.328668999999999156e-02
7.491879999999996598e-02
2.907669999999998312e-02
2.800555000000000752e-02
3.565323000000000103e-02
3.939571999999998825e-02
6.622191000000002270e-02
6.697089999999999987e-02
7.475798999999999639e-02
5.507070000000000021e-02
1.067130000000000023e-01
6.056099999999998984e-02
1.150122400000000294e-01
1.707634399999999608e-01
1.299557000000000073e-01
1.067440000000000055e-01
9.822835000000001981e-02
6.441365000000001673e-02
1.462130000000000096e-01
4.942112000000001282e-02
5.386981999999999882e-02
6.947150000000000547e-02
8.908370000000001565e-02
1.045282999999999629e-01
1.876440500000000067e-01
7.270084999999998354e-02
8.881540000000001656e-02
