FramewiseDisplacement
3.246214999999998824e-02
2.246684999999999308e-02
1.469135000000001447e-02
3.341719999999999413e-02
1.944910000000000388e-02
1.580644999999998232e-02
3.218374999999999014e-02
4.494900000000001672e-02
7.753384999999997362e-02
8.387379999999998448e-02
4.344459999999999295e-02
4.037694999999998785e-02
4.307549999999999574e-02
1.643540000000001666e-02
2.309633999999999993e-02
2.183853999999999657e-02
2.222784999999998998e-02
4.975420000000001924e-02
3.962914999999997412e-02
1.152490000000000459e-02
1.953500000000000028e-02
2.051739999999999120e-02
2.909533999999999732e-02
2.798774000000000400e-02
3.250290000000000817e-02
4.005068000000001210e-02
4.565779000000000365e-02
3.943694000000001754e-02
4.069789000000000739e-02
4.530139000000001082e-02
1.772350999999998747e-02
2.261767999999999071e-02
3.125489000000000739e-02
5.631217000000000861e-02
3.712949000000000804e-02
4.200375000000000636e-02
4.540540000000000548e-02
2.399845399999999546e-02
1.160790100000001074e-02
1.001180000000000125e-02
1.337187099999999351e-02
1.899657100000000029e-02
3.064255999999999577e-02
3.326405999999999807e-02
2.172480300000000780e-02
6.942645399999999856e-02
5.878851000000000215e-02
2.055802300000000166e-02
3.355501399999999412e-02
1.697241099999999975e-02
1.390566289999999872e-01
4.938326300000000363e-02
2.771737400000000018e-01
8.227360999999999702e-02
9.302538000000001861e-02
4.394073000000001117e-02
3.736690000000000150e-02
3.981049999999999867e-02
2.526854999999999379e-02
3.261694999999999872e-02
3.743204500000001100e-02
2.032300000000002507e-03
2.410525000000000168e-02
3.047294999999999865e-02
4.518550000000000517e-03
2.968262849999999883e-02
3.373529850000000357e-02
3.119954000000000477e-02
4.181589500000000570e-02
2.586968499999999990e-02
3.521837499999999621e-02
3.351155000000000800e-02
3.580305000000000293e-02
2.942740000000000633e-02
3.620841999999999811e-02
2.135056999999999927e-02
1.303525000000000170e-02
1.860794999999999810e-02
1.848193000000000405e-02
2.053181999999999924e-02
2.146449999999999400e-02
3.422565000000001023e-02
2.145544000000001311e-02
1.859800999999998081e-02
3.431114999999999166e-02
6.227890000000000509e-02
4.235850000000000726e-02
4.995681500000000858e-02
1.194336500000001307e-02
4.846176500000000387e-02
1.880717000000000499e-02
4.311164500000000399e-02
3.124137999999999915e-02
3.888399999999998802e-02
2.359515999999999003e-02
3.038496999999999726e-02
2.757774000000000336e-02
1.397704110000001602e-02
4.943333109999998448e-02
