FramewiseDisplacement
4.387374999999997527e-02
2.442175000000001289e-02
1.957655000000001894e-02
3.307349999999999873e-02
1.013813000000000353e-01
7.611266499999998214e-02
5.966638499999998152e-02
2.841059999999999419e-02
1.618760000000000338e-02
5.161804499999997353e-02
5.591380999999998741e-02
5.741639500000000895e-02
5.362404500000003682e-02
4.281844500000000359e-02
4.112235000000000890e-02
5.341529999999999195e-02
5.674355000000000371e-02
4.820574999999999860e-02
4.467985000000003482e-02
6.292687999999999060e-02
6.847046999999999162e-02
6.835974999999999691e-02
3.920745000000001174e-02
4.916579999999998868e-02
6.822539999999999161e-02
3.402750000000000219e-02
3.234829999999998956e-02
4.195360000000000755e-02
3.278212499999999530e-02
4.417882499999999796e-02
3.024234999999999771e-02
5.368269000000000513e-02
3.009447000000000511e-02
2.614938999999999805e-02
3.290153999999999995e-02
1.292473000000000580e-02
3.692246000000000417e-02
2.794125000000000081e-02
3.337833999999999940e-02
4.061973999999999446e-02
4.685074999999998963e-02
1.955464999999999634e-02
2.615048999999999846e-02
5.455553999999999265e-02
3.430165000000000297e-02
2.313527000000000639e-02
2.644088599999999678e-02
3.212884099999999826e-02
1.005678999999999948e-02
2.430068600000000190e-02
2.945343100000000214e-02
2.579298500000000091e-02
2.877769500000000591e-02
3.311674900000000782e-02
1.967954099999999831e-02
1.848943999999999935e-02
2.392819000000000196e-02
1.601844000000000184e-02
2.718719000000000344e-02
2.160004000000000091e-02
2.370095100000000482e-02
2.971782600000000274e-02
2.507831499999999686e-02
2.528818000000000038e-02
2.799944000000000044e-02
2.633023000000000308e-02
3.709684000000000592e-02
1.751965000000000119e-02
3.296405500000000599e-02
3.789710499999999344e-02
1.765005000000000393e-02
2.133180000000000492e-02
3.702229000000000630e-02
1.676439000000000401e-02
2.613690000000000457e-02
4.552294999999999953e-02
2.139535000000000048e-02
2.579512500000000902e-02
2.701087500000000363e-02
1.499984999999999166e-02
2.617350000000000232e-02
1.622909999999998937e-02
4.568859999999998894e-02
2.767510000000000109e-02
4.087445000000000661e-02
2.279975000000000751e-02
2.193527000000000671e-02
3.127604499999999538e-02
5.024687499999999640e-02
1.385737000000000080e-02
6.883264999999989114e-03
1.197243499999998788e-02
3.901689999999999325e-02
2.647584999999999869e-02
2.243305000000000646e-02
2.071652999999999689e-02
3.911727999999999733e-02
4.694142499999998802e-02
5.595157499999998951e-02
