FramewiseDisplacement
3.285962856500000001e-02
1.527481736499998813e-02
5.781901810000000114e-02
5.107733419999999080e-02
2.249887419999999777e-02
2.419988910000000701e-02
1.398966309999998686e-02
2.609365780000000648e-02
2.872324000000001445e-02
1.512359230000000394e-02
2.582457658999999517e-02
1.174661508999998334e-02
1.953302470000000540e-02
3.614379550000000607e-02
3.362379129999999022e-02
3.114023129999999445e-02
9.205635720000019881e-03
1.136784901999998709e-02
2.190371589999998148e-02
1.779757585099999914e-02
1.164877040899998765e-02
2.859964294000000296e-02
3.410831499999999322e-02
1.190605000000000482e-02
4.266629499999999992e-02
6.526468399999998948e-02
7.139613699999999841e-02
2.502517699999999914e-02
2.618843000000000212e-02
1.233543000000000139e-02
2.481206000000000383e-02
1.756578999999999086e-02
1.572432000000001037e-02
2.876356000000000399e-02
3.482235000000000885e-02
3.832109999999999683e-02
1.489660000000001330e-02
1.355747000000000202e-02
2.993459500000000134e-02
1.463863499999999707e-02
3.646855500000001360e-02
2.856725500000000667e-02
4.028427999999999176e-02
6.098218000000001082e-02
4.205602000000000645e-02
3.799483999999999501e-02
7.482202000000000297e-02
2.724813499999999972e-02
2.065790500000000071e-02
2.639029000000000028e-02
2.032184500000000157e-02
8.343329999999999497e-03
1.594055499999999514e-02
4.819927499999999976e-02
7.938089999999998342e-03
4.001728000000000229e-02
4.675112500000000448e-02
1.354007999999999774e-02
1.815040999999999530e-02
3.693251000000000173e-02
1.237782000000000292e-02
8.663350000000000217e-03
3.486685000000000478e-02
1.350898000000000029e-02
8.881967999999998420e-02
8.843327999999998912e-02
5.010343000000000435e-02
4.695979000000000125e-02
7.026071000000001787e-02
4.694417100000000675e-02
1.228387839999999995e-02
9.202760739999998885e-02
1.267685999999999986e-02
2.145504999999999635e-02
1.728187000000000126e-02
2.319018000000000121e-02
3.778335000000000027e-02
4.834087000000000106e-02
4.755115000000000036e-02
1.021110000000000247e-02
8.806190000000001933e-03
1.714025999999999744e-02
5.436810000000008927e-03
2.891846999999999820e-02
4.127703000000000622e-02
2.513147999999999424e-02
7.133755999999999431e-02
2.796104999999999424e-02
2.191169999999999923e-02
2.071168999999999788e-02
1.292039000000000035e-02
2.828749000000000541e-02
3.657517000000000407e-02
2.323809999999999071e-02
3.822724499999999304e-02
2.062612500000000210e-02
2.964055000000000856e-02
1.388980000000000770e-02
3.507224000000001146e-02
