FramewiseDisplacement
2.583593000000001041e-02
5.123735000000000789e-02
6.054716500000001389e-02
4.232641500000000612e-02
1.799319499999999308e-02
1.103111999999998802e-02
3.279683000000000598e-02
1.963565000000000102e-02
8.636183499999999791e-02
7.212309000000000081e-02
4.014969999999998956e-02
4.786196999999998980e-02
3.498156999999999656e-02
2.922965499999998981e-02
4.347150500000000750e-02
2.011594499999998925e-02
2.672607499999999497e-02
1.551519000000000162e-02
1.770927999999999392e-02
9.235730000000014900e-03
3.858423999999999882e-02
2.165872000000001324e-02
9.729149999999998910e-03
5.702557699999999397e-02
3.011283300000000204e-02
5.656846000000000096e-02
3.560291299999999298e-02
1.993309399999999496e-02
1.912998699999999414e-02
3.930349000000000342e-02
8.684067000000000869e-02
2.504429000000000724e-02
3.420202000000000658e-02
2.946260800000000471e-02
1.439693299999999891e-02
2.121136499999999592e-02
4.806338000000000277e-02
3.924202000000000246e-02
4.905141000000000362e-02
3.359419749999999899e-02
3.713285749999999802e-02
2.861981999999999721e-02
3.851829999999999837e-02
3.455385999999999874e-02
8.573265149999999279e-02
3.003122999999999904e-02
3.955728149999999943e-02
2.316696999999999854e-02
2.113514999999999838e-02
3.607624099999999501e-02
6.516635900000000703e-02
5.790394599999999087e-02
4.699507599999999674e-02
6.243739000000000233e-02
1.572878999999999944e-02
6.293123500000000203e-02
1.269002250000000054e-01
5.282587500000000824e-02
2.110727500000000173e-02
1.476023950000000806e-02
2.600135950000000487e-02
2.976936869999999638e-02
2.868929030000001018e-02
2.066324999999998371e-02
2.265430000000000915e-02
3.300150000000000305e-02
4.065925150000000710e-02
1.878645149999999889e-02
3.581589999999999774e-02
2.105547500000000752e-02
2.705252500000000435e-02
2.372605999999999674e-02
4.013010999999999662e-02
9.926499999999990886e-03
4.215218499999998786e-02
1.971946500000000546e-02
2.905580000000001356e-02
2.857225000000001083e-02
1.642654999999997381e-02
3.125319999999999487e-02
3.243884999999999130e-02
5.097424999999999179e-02
9.437269799999999098e-02
3.115952800000000231e-02
2.542708000000000468e-02
4.991550999999999627e-02
4.940142499999999881e-02
1.185309500000001313e-02
3.015897500000001841e-02
5.294590500000001532e-02
3.904593499999998302e-02
5.924698500000000201e-02
3.869020000000001486e-02
3.380694999999999534e-02
2.078780000000001252e-02
1.862270000000000245e-02
3.342605000000000576e-02
4.638010000000002825e-02
2.107294999999998614e-02
