FramewiseDisplacement
2.224421120000000252e-02
2.232742520000000411e-02
1.416918629999999908e-02
4.021381660000000052e-02
5.880816799999999400e-02
3.398736649999999082e-02
3.116546349999999369e-02
1.437818619999999686e-02
2.848333880000000762e-02
2.712453500000000170e-02
4.986407499999999382e-02
1.764874500000000040e-02
1.937587499999999727e-02
1.080856500000000088e-02
1.313670500000000546e-02
4.487374499999999961e-02
3.982574499999999573e-02
1.736342500000000177e-02
6.396832700000000538e-02
2.754272699999999949e-02
3.722200999999999982e-02
5.228398000000000073e-02
4.792503000000000735e-02
1.625170000000000781e-02
4.791247500000000992e-02
1.475342499999999363e-02
4.907400000000000651e-02
3.470757000000000009e-02
2.947288000000000338e-02
3.283654000000000434e-02
3.282165000000000776e-02
2.201693199999999948e-02
3.108800800000000378e-02
2.497638999999999762e-02
1.329991999999999806e-02
3.555118999999999641e-02
2.158653349999999776e-02
1.589920649999999880e-02
1.882204499999999905e-02
4.064253500000000047e-02
3.154396200000000178e-02
2.471301699999999685e-02
1.742814999999999642e-02
1.707309499999999647e-02
3.637233499999999176e-02
2.746656700000000076e-02
3.013457400000000425e-02
4.289621799999999985e-02
3.526711800000000008e-02
2.826359200000000058e-02
2.471596500000000293e-02
5.007609899999999892e-02
2.924041999999999961e-02
3.894147850000000133e-02
6.645094649999999659e-02
3.540060999999999902e-02
5.025327999999999740e-02
4.093494000000000299e-02
4.663885000000000947e-02
9.474044500000000646e-02
4.918873500000000426e-02
3.797010999999999442e-02
4.769512000000000057e-02
1.858430000000000151e-02
3.867969000000000268e-02
5.359499050000000875e-02
3.983148649999999902e-02
2.274646899999999833e-02
4.672396299999999336e-02
2.566641999999999535e-02
2.240378000000000161e-02
3.776683549999999834e-02
4.696733549999999868e-02
4.357213999999999532e-02
3.224574999999999664e-02
2.064602499999999841e-02
2.348270000000000218e-02
2.213799500000000059e-02
2.221177999999999694e-02
2.085632499999999848e-02
5.283810000000000763e-03
2.114829000000000014e-02
1.564563500000000495e-02
4.466895499999999630e-02
5.530171000000000392e-02
4.225321499999999675e-02
4.951326999999999812e-02
1.901635499999999868e-02
4.852783499999999833e-02
1.956610000000000640e-02
2.196315000000000073e-02
2.467290999999999929e-02
2.935743000000000033e-02
2.342830000000000606e-02
3.225063000000000235e-02
5.278815000000000590e-02
2.395096500000000461e-02
2.449113499999999721e-02
5.037219999999999198e-02
