FramewiseDisplacement
7.574860999999997180e-01
4.379378000000000992e-01
1.555628000000000011e-01
4.977564999999996298e-02
1.346312500000000079e-01
5.955800000000000677e-02
5.499384999999994139e-02
2.911291250000000108e+00
2.463973499999999817e+00
3.986700000000003019e-01
3.399916499999996455e-01
5.031909500000002478e-01
3.555996000000001267e-01
2.669273000000000895e-01
8.139574999999964200e-02
1.992868500000002652e-01
7.250359999999984872e-02
7.458759999999987900e-02
1.653003799999999690e-01
1.575961699999999521e-01
3.129505450000003020e-01
1.377729400000001492e-01
1.464590050000001975e-01
9.184466000000023056e-02
1.012543189999999926e+00
4.949720000000001896e-01
9.678530499999998815e-01
7.757666000000001949e-01
5.548774499999999943e-01
1.949004999999999210e-01
6.035118999999999900e-01
1.577041600000000265e+00
2.575289800000000184e+00
3.608224999999999349e-01
1.670777499999999693e-01
4.427957000000000143e-01
2.262051200000000095e-01
5.457216150000000487e-01
5.325025449999999383e-01
2.264179999999998624e-02
8.501974500000002155e-02
1.191095699999999979e-01
1.047400200000000031e-01
4.296029999999999294e-02
8.743875499999999301e-02
8.417849500000001983e-02
5.745318499999998996e-02
5.509499000000001034e-02
7.190505249999999682e-02
5.728980079999999864e-02
8.339432670000000714e-02
7.056956999999999813e-02
1.750978000000000256e-02
5.329802000000000151e-02
1.082591900000000051e-01
4.012523000000000478e-02
1.191166000000000030e-01
4.807886999999999578e-02
1.477648500000000031e-01
3.315908499999999925e-01
2.641394999999999507e-02
4.990714999999998347e-02
5.435237999999998487e-02
1.075963300000000039e-01
9.957324999999998816e-02
1.151571500000000137e-01
3.516124999999999112e-02
4.707751999999999076e-02
2.336210499999999968e-01
5.262514000000003550e-02
1.144641400000000198e-01
2.693116600000000083e-01
1.062940500000000427e-01
8.589139999999997888e-02
1.156222500000000236e-01
2.421071499999998822e-01
1.936663000000000134e-01
1.002787000000000261e-01
2.806236999999999204e-01
1.690189000000000552e-01
4.370055999999999385e-01
2.373127999999999904e-01
1.334076999999999902e-01
6.583650000000003388e-02
1.245301000000000879e-01
1.099553999999999671e-01
1.529474999999998475e-01
2.642742000000002367e-01
7.165620000000005874e-02
1.326734999999999443e-01
6.009239999999992782e-02
1.453375000000000083e-01
1.335194999999997911e-01
5.424099999999974775e-02
9.675049999999985051e-02
1.349493500000000512e-01
7.133824999999988092e-02
1.019159999999999511e-01
1.832057300000000000e+00
