FramewiseDisplacement
6.043174999999996466e-02
1.352185000000000192e-01
9.859569999999998058e-02
6.202824999999999311e-02
4.152885000000001298e-02
7.002434999999999909e-02
1.032535000000000119e-01
1.356499999999999928e-01
8.777655000000000873e-02
3.579110000000000624e-02
4.986774999999999541e-02
3.834397500000000236e-02
5.247558999999998863e-02
8.567714999999993114e-03
2.707602000000000619e-02
2.151657999999999349e-02
5.228100000000004619e-03
1.282260499999999387e-02
6.241960499999998913e-02
4.962319999999998538e-02
1.143844999999998890e-02
2.141664999999999541e-02
2.166170000000000942e-02
3.382806000000000701e-02
3.082415000000000155e-02
1.990149500000000515e-02
2.367449500000000720e-02
3.640624700000000963e-02
4.032762799999999731e-02
2.048899999999999680e-02
4.072559500000000332e-02
3.258531000000000621e-02
1.458242850000000639e-02
3.779652850000000258e-02
3.173476500000000505e-02
1.616615000000000066e-02
4.894431000000000476e-02
5.238682999999999534e-02
1.683505500000000502e-02
3.015659999999999175e-02
5.401880500000000307e-02
1.816835999999999798e-02
1.086862999999999718e-02
2.646713000000000190e-02
4.105827999999999561e-02
2.126709800000000164e-02
2.297579199999999836e-02
2.474393999999999899e-02
3.298128399999999960e-02
1.082498920000000107e-02
9.513057200000001046e-03
3.281310999999999950e-02
2.389282099999999812e-02
2.759187500000000182e-02
2.222665600000000088e-02
4.497071500000000138e-02
2.308433000000000013e-02
4.138023000000000395e-02
6.466304999999999970e-02
2.032007499999999994e-02
3.945838999999999597e-02
2.401555450000000119e-02
3.438222950000000694e-02
3.337383000000000016e-02
4.707000000000000767e-02
3.942457499999999643e-02
3.333678500000000072e-02
3.265229299999999196e-02
2.966802199999999876e-02
1.058966999999999721e-02
4.722739999999999577e-02
4.050542000000000031e-02
3.818097499999999894e-02
2.186902499999999333e-02
2.008968499999999949e-02
2.902146499999999976e-02
3.180612499999999065e-02
1.912035500000000207e-02
4.688051499999999761e-02
9.063060000000002989e-03
3.081049500000000371e-02
4.192060499999999967e-02
1.870830000000000062e-02
2.398464999999998931e-02
3.089180000000000051e-02
4.003670499999999882e-02
4.638377500000000209e-02
1.986916499999999072e-02
2.460215500000000055e-02
3.799341500000000260e-02
4.586545090000000019e-02
3.949047090000001869e-02
4.540701000000000459e-02
3.072249499999999203e-02
3.129357500000000403e-02
2.056045000000000095e-02
4.192916500000000435e-02
4.005951999999999430e-02
3.397067499999999185e-02
