FramewiseDisplacement
5.797104500000000576e-02
3.504009999999999764e-02
1.061590199999999928e-01
9.825957000000000441e-02
1.939334999999999670e-02
7.682985000000000508e-02
5.895735000000000559e-02
2.299170000000000380e-02
5.183105000000000351e-02
2.574445000000000205e-02
4.316839999999999566e-02
7.658194999999999586e-02
4.001088999999999340e-02
6.161331000000001140e-02
8.670783999999999436e-02
2.458268000000000952e-02
1.993060499999999013e-02
5.550474499999999423e-02
1.040257599999999949e-01
3.497680000000000233e-02
5.941265499999999478e-02
3.590743500000000143e-02
8.629776999999998199e-02
5.715427000000000007e-02
1.036689950000000138e-01
1.425919350000000030e-01
1.337510749999999971e-01
4.781280999999999726e-02
1.521000100000000077e-01
1.522289689999999918e-01
7.303882899999998568e-02
4.648578500000000863e-02
6.414787499999999310e-02
5.055309899999999718e-02
4.451900400000000091e-02
4.614547000000000093e-02
2.087438000000000488e-02
3.980455000000000104e-02
3.716389999999999971e-02
6.511722000000000343e-02
1.171345200000000059e-01
1.019252800000000070e-01
9.785734999999999573e-02
1.085904780000000042e-01
7.555874299999999766e-02
1.016821899999999779e-01
6.692281999999999398e-02
7.749456999999999873e-02
9.750721050000002443e-02
5.853152269999999796e-02
1.593559779999999954e-02
9.464069999999999427e-02
1.220780450000000100e-01
1.335042349999999989e-01
4.903048999999999602e-02
1.305552500000000116e-01
9.117682500000000301e-02
6.810612000000000610e-02
7.285573000000000743e-02
1.205829900000000010e-01
1.039302554999999989e-01
1.822831999999999578e-02
9.615792950000000283e-02
6.381760499999999947e-02
1.064084755000000021e-01
1.195117699999999894e-01
1.282602955000000100e-01
7.136235550000000205e-02
7.389285450000000754e-02
4.419823000000000501e-02
6.369118499999999738e-02
3.517524500000000776e-02
5.360003800000000262e-02
6.607228799999999291e-02
4.017733000000000415e-02
4.402446950000000192e-01
5.348549850000000605e-01
8.387129599999998408e-02
9.910199399999998493e-02
2.733704999999999122e-02
1.247937400000000002e-01
5.552033500000000399e-02
4.482721700000000947e-02
9.197483299999999196e-02
5.929658499999998500e-02
4.269677000000000194e-02
8.916319999999999801e-02
6.027320499999999637e-02
3.210071000000000452e-02
3.172233499999999734e-02
8.620113000000000081e-02
5.410486000000000462e-02
8.529567000000000399e-02
6.717806000000001165e-02
6.610992999999998343e-02
7.494860999999999884e-02
6.289949999999999708e-02
7.688158000000000492e-02
8.756471380000002691e-02
