FramewiseDisplacement
2.596467669999999450e-02
4.898991060000000564e-02
6.084055560000000556e-02
7.364793499999998383e-02
8.692753300000000127e-02
5.587546300000001409e-02
1.014013609999999954e-01
7.139206099999997890e-02
6.841329999999999634e-02
6.020631000000000593e-02
9.023387000000000768e-02
8.152394999999998393e-02
6.492774499999999505e-02
7.030003099999999894e-02
8.625757100000000510e-02
7.024974500000003008e-02
9.533345000000001401e-02
1.034195299999999818e-01
3.870018999999999543e-02
4.657836000000000615e-02
5.562310000000001559e-02
4.049525000000000347e-02
1.044557600000000086e-01
6.379860999999999172e-02
8.896040000000000891e-02
7.128956999999998267e-02
8.494168499999998900e-02
5.296430000000000582e-02
4.608277499999999943e-02
1.771576499999999998e-01
1.286973399999999934e-01
1.555075600000000169e-01
3.733453000000000466e-02
2.277039070000000109e-01
6.729433699999999574e-02
8.630200999999998457e-02
7.151940999999999160e-02
7.759983000000000852e-02
1.375938170000000071e-01
5.424456299999998871e-02
6.254845000000000543e-02
6.213217999999999519e-02
8.693214999999999970e-02
3.320850000000000884e-02
5.022721499999999867e-02
6.284674999999999290e-02
1.248379000000000016e-01
1.170535099999999995e-01
3.550514300000000290e-02
3.344164149999999391e-02
6.780883449999999812e-02
5.293048600000000575e-02
4.639769000000000532e-02
9.363768999999999565e-02
5.922683000000000114e-02
1.495463300000000051e-01
3.396852000000000205e-02
4.578639999999999793e-02
6.843512999999999680e-02
7.279433999999999905e-02
7.557795999999999959e-02
6.942666000000000115e-02
1.531050554999999758e-01
1.365138990000000219e-01
4.984404650000000270e-02
1.055171049999999860e-01
3.252768999999999106e-02
8.294289300000000364e-02
9.378631299999999615e-02
4.046041600000000599e-02
4.279258600000001439e-02
8.768392999999999327e-02
6.812701000000001561e-02
3.112425500000000692e-02
6.765875500000000098e-02
7.085446000000000799e-02
4.643834999999999630e-02
8.717271499999999784e-02
5.303920499999997817e-02
1.057980199999999926e-01
1.225236000000000103e-01
7.855449999999997157e-02
7.519974999999999576e-02
6.249649999999998956e-02
1.146019000000000204e-01
1.825552899999999534e-01
7.394259000000000248e-02
9.342544999999999322e-02
7.090605000000002600e-02
9.711038500000000739e-02
6.233413000000000148e-02
2.025320849999999728e-01
1.970286400000000326e-01
9.092484999999998763e-02
1.474049500000000068e-01
5.374129999999999879e-02
5.893909999999999427e-02
3.288080000000000169e-02
1.180535000000000057e-01
