FramewiseDisplacement
2.754750000000012050e-02
8.642049999999995569e-02
6.232150000000007128e-02
4.218056999999991730e-02
8.602176999999990026e-02
1.163708000000000103e-01
7.072939999999995619e-02
7.315919999999999368e-02
1.012143999999999544e-01
6.579329999999991574e-02
2.395630000000005533e-02
1.046758000000001104e-01
5.256450000000006950e-02
7.504740000000000022e-02
4.969760000000011946e-02
9.027890000000010629e-02
1.757079999999999476e-01
1.457593999999999557e-01
7.596059999999998924e-02
6.824519999999990871e-02
1.749422000000000477e-01
1.042969000000001090e-01
1.093250999999999390e-01
6.427550000000002706e-02
8.163009999999995547e-02
4.083670000000003131e-02
6.305899999999993455e-02
7.883410000000007356e-02
2.463470000000008570e-02
8.590820000000004564e-02
2.313157999999999881e-01
1.483750000000000069e-01
8.248009999999998676e-02
6.197340000000002569e-02
2.704669999999997215e-02
1.245781400000000039e-01
1.170686400000000293e-01
1.494197390000000236e-01
1.553238610000000075e-01
1.352277999999999814e-01
8.493970000000000686e-02
1.014468599999999998e-01
5.449235999999998969e-02
7.401402099999998541e-02
7.145362100000000882e-02
3.168684999999999558e-02
4.663344999999998602e-02
3.790365999999999874e-02
6.122059999999999308e-02
1.071093634000000183e-01
2.182375663999999993e-01
8.747673999999999728e-02
2.414169500000000190e-01
8.231429999999999303e-02
1.023815460000000038e-01
1.931083539999999821e-01
4.546090000000001935e-02
6.008004999999999596e-02
3.648455000000000448e-02
7.756942000000000004e-02
7.519453999999997640e-02
4.784604000000002022e-02
5.367212999999999845e-02
5.399971699999996794e-02
2.141211299999999651e-02
9.309995400000005417e-02
1.146179399999999876e-01
7.212274000000001850e-02
6.550111000000000128e-02
3.974863999999998093e-02
1.392142700000000288e-01
1.629622000000000015e-01
1.066064999999999929e-01
1.435256000000000309e-01
7.794879999999995701e-02
5.343879999999995994e-02
9.689580000000003190e-02
3.872420000000004192e-02
5.695479999999999987e-02
6.867379999999997930e-02
4.754830000000007106e-02
1.877946000000000060e-01
1.651112999999999609e-01
1.608475000000000876e-01
4.734970000000009865e-02
1.565433999999999715e-01
5.527700000000001362e-02
1.173781000000000407e-01
1.574987999999999388e-01
1.070533000000000318e-01
1.553544000000000314e-01
2.084030000000000327e-01
6.477659999999998974e-02
4.144270000000008225e-02
7.901360000000003103e-02
1.179599999999997838e-02
9.195260000000007872e-02
8.674810000000007792e-02
8.953319999999997947e-02
