FramewiseDisplacement
1.057867999999999448e-01
9.009169999999994127e-02
7.090854999999997299e-02
1.538920499999999192e-01
4.142187999999999981e-01
1.867101999999999096e-01
1.284985000000000155e-01
7.451189999999996427e-02
5.027260000000000062e-02
1.597094899999999817e-01
1.796730900000000075e-01
1.379929000000000017e-01
4.560490000000001071e-02
5.535550000000000193e-02
5.753339999999999149e-02
4.501709999999996964e-02
1.165413900000000225e-01
1.112898100000000168e-01
3.910310000000000175e-02
7.237911000000002426e-02
8.261135999999999480e-02
9.937620000000001175e-02
8.766134999999992961e-02
6.089705000000002200e-02
1.173271999999999926e-01
1.272349799999999975e-01
1.229119799999999901e-01
1.191898999999999875e-01
5.419765000000001387e-02
8.095149999999998180e-02
1.272388899999999656e-01
1.192446399999999296e-01
4.530810000000002474e-02
4.535675000000000123e-02
6.525930000000000619e-02
7.755381999999999554e-02
8.283263999999999905e-02
4.478825000000000167e-02
7.844107000000000163e-02
5.040590000000002430e-02
1.277826499999999976e-01
1.003494800000000048e-01
3.830982000000001525e-02
4.570606799999998859e-02
6.826994200000001400e-02
1.059231999999999951e-01
2.329933000000000143e-01
7.703875000000000306e-02
8.647353999999998764e-02
1.258551390000000048e-01
5.715751099999999418e-02
1.028704609999999964e-01
6.475804000000000282e-02
5.301462350000001045e-02
4.211808549999999929e-02
4.454147999999999441e-02
4.759382000000000196e-02
3.462160999999999711e-02
2.575427999999999745e-02
3.952689000000000202e-02
3.731936000000000281e-02
3.830029999999999546e-02
3.147999999999999410e-02
7.588284000000000695e-02
3.790009000000000433e-02
4.841766999999999599e-02
4.544113000000000319e-02
1.919531999999999142e-02
1.995774000000001200e-02
2.086704999999999463e-02
3.740056999999999410e-02
4.213910999999999352e-02
5.176404000000000422e-02
4.361138999999997906e-02
3.305121999999999921e-02
5.941670999999999758e-02
3.543300899999998754e-02
4.007924100000000156e-02
5.989646999999998639e-02
5.294556000000000262e-02
5.248154999999998099e-02
2.814600999999999215e-02
4.337502000000001412e-02
3.080922000000002603e-02
1.539571999999999469e-02
1.312698750000000081e-01
1.478642900000000371e-01
1.378249350000000095e-01
5.346650000000000014e-02
6.235769999999999508e-02
6.959180000000000921e-02
1.458469999999999905e-02
2.259924999999999781e-02
3.950904999999999695e-02
2.286040000000000294e-02
6.419985000000003050e-02
5.602840000000000598e-02
2.535425000000002260e-02
2.043775000000000105e-02
