FramewiseDisplacement
1.135248999999999980e-01
3.310406999999999933e-02
4.169147000000001518e-02
4.064195499999999350e-02
3.799288024999997876e-02
6.889662525000000981e-02
7.683911999999999687e-02
2.919653499999998528e-02
1.216296500000003077e-02
3.183189300000000554e-01
2.506774099999999894e-01
2.149215399999999943e-01
5.840810000000001834e-02
1.156517699999999871e-01
6.481118000000000989e-02
1.191924999999999929e-01
1.920298699999999914e-01
2.731170399999999776e-01
6.356009000000001352e-02
7.230070000000000940e-02
5.458890000000000270e-02
8.158816849999998844e-02
1.337954184999999852e-01
5.701830000000000787e-02
9.367569000000000590e-02
3.881421000000000177e-02
4.340058999999999584e-02
3.434574500000000391e-02
4.521373000000000753e-02
6.574357499999999854e-02
3.817270999999999165e-02
1.104005250000000132e-01
1.246115200000000034e-01
8.873159499999999644e-02
1.182031200000000226e-01
4.294119999999999882e-02
5.563310000000000477e-02
9.586191999999998936e-02
6.662081999999999726e-02
1.363526999999999934e-01
7.893456000000001471e-02
1.437950400000000128e-01
4.832194000000000766e-02
3.793269999999999975e-02
3.481661999999999257e-02
4.139848999999999613e-02
6.760011999999998578e-02
2.851201299999999925e-02
1.610090880000000224e-01
9.045554499999999831e-02
1.065452100000000152e-01
2.515821000000000376e-02
2.558465000000000045e-02
4.202484999999999554e-02
2.049223000000000364e-02
1.524497999999999825e-02
1.291250000000000210e-02
5.039636000000001503e-02
9.287475000000000591e-02
1.535733300000000356e-01
1.041155599999999959e-01
4.539643999999998930e-02
5.566844000000000653e-02
4.151584000000000524e-02
1.591010199999999819e-01
6.437579000000000218e-02
4.181600000000000594e-02
5.759024999999998867e-02
4.699152000000000190e-02
4.492352399999999246e-02
6.776856399999998948e-02
2.073787799999999848e-01
1.084959200000000096e-01
1.805317100000000119e-01
1.162344900000000097e-01
4.213984999999999259e-02
4.069909000000000721e-02
4.257978999999999237e-02
1.907680000000000209e-01
1.525836840000000250e-01
5.286011599999999866e-02
9.109929999999999417e-02
5.829465000000000341e-02
5.309185999999999767e-02
1.362532399999999977e-01
8.690108000000000554e-02
1.865176200000000228e-01
1.654018499999999614e-01
1.366748599999999814e-01
7.442806000000000421e-02
3.623040000000000982e-02
6.013930000000000664e-02
2.618200000000000735e-02
3.117071500000000439e-01
2.432399299999999931e-01
7.138513000000001885e-02
3.432444999999998553e-02
3.907302500000000012e-01
1.805836499999999845e-01
