FramewiseDisplacement
4.669599999999999446e-02
2.713949999999999002e-02
4.157489999999999797e-02
8.883660000000001555e-03
1.633491919999999903e-02
2.856353080000000044e-02
3.301237700000000941e-02
2.554497700000000343e-02
2.334382000000000471e-02
1.299832700000000917e-02
5.837778299999998866e-02
5.372822000000000708e-02
3.099127499999999868e-02
2.845334499999999794e-02
2.423089999999999272e-02
3.222264999999999158e-02
5.398365499999999845e-02
3.484889499999999779e-02
4.718725000000000003e-02
2.940705000000000055e-02
6.313435000000000574e-02
4.912881500000000623e-02
6.419686499999999185e-02
2.547510000000000746e-02
5.175203000000000442e-02
3.412696149999999706e-02
4.910709149999999829e-02
2.087269999999999751e-02
2.023469999999999783e-02
2.986344999999999972e-02
4.376006999999999814e-02
3.874821999999999295e-02
2.632999800000000029e-02
5.825080800000000114e-02
4.772060000000000191e-02
3.413512999999999964e-02
4.357803500000000108e-02
4.706446219999999708e-02
1.991989280000000528e-02
2.360032999999999576e-02
1.520351999999999815e-02
5.050870999999999833e-02
2.658465999999999607e-02
4.913384199999999702e-02
2.270035000000000108e-02
5.697915200000000513e-02
4.987074500000000798e-02
4.288238500000000203e-02
4.277808000000000305e-02
4.184798799999999569e-02
3.104801800000000014e-02
4.990148500000000237e-02
5.296296000000000337e-02
4.302106500000000416e-02
8.368299499999999613e-02
5.261569499999999705e-02
2.542914999999999065e-02
3.032105000000000911e-02
5.460837999999999803e-02
1.754234999999999822e-02
2.224003000000000091e-02
2.199794000000000749e-02
2.288944000000000395e-02
4.288847999999999966e-02
1.662377999999999426e-02
5.031800000000000161e-02
3.187848000000000070e-02
4.781992999999999661e-02
1.819290000000000490e-02
2.345365000000000991e-02
2.651680000000000009e-02
5.126664000000000221e-02
2.319769999999999124e-02
1.683131000000000904e-02
3.818408999999999692e-02
4.187561000000000061e-02
2.752144999999999592e-02
1.917624999999999885e-02
6.311460999999998767e-02
6.814150999999997460e-02
5.623944999999999639e-02
4.725399999999999739e-02
2.687494999999999121e-02
3.637644999999999074e-02
6.182854999999999601e-02
5.850564999999999932e-02
2.804509999999998948e-02
4.078445000000002763e-02
2.385655000000001108e-02
1.690595000000002721e-02
3.514549999999999619e-02
2.471055000000000820e-02
3.608590000000000408e-02
4.476735000000002518e-02
2.405410000000000534e-02
1.680629999999998236e-02
3.393674999999998082e-02
2.460570000000000118e-02
2.532894999999998897e-02
