FramewiseDisplacement
2.577890000000000389e-02
5.478275000000000505e-02
3.729255000000000070e-02
3.745429999999999593e-02
2.425685000000000341e-02
3.759974999999999429e-02
6.760455000000001324e-02
7.336323750000001143e-02
4.556103750000000535e-02
3.408245000000000025e-02
6.051835000000000547e-02
3.084489999999998761e-02
7.975794000000001327e-02
2.911725999999999204e-02
4.947432999999999692e-02
3.667795400000000566e-02
2.782089099999999690e-02
2.361755000000000104e-02
4.904249999999998888e-02
3.298019499999999687e-02
2.084217000000000014e-02
2.738203000000000165e-02
2.916145499999999585e-02
5.376816500000000665e-02
3.119805000000001535e-02
2.500461500000001128e-02
2.975327500000000611e-02
1.912223500000000131e-02
2.400498500000000299e-02
7.583965000000000845e-02
4.507738999999999496e-02
5.621948499999999960e-02
3.856888499999999720e-02
4.679986499999999605e-02
3.162770000000000165e-02
2.582349000000000103e-02
3.816360500000000322e-02
2.259836499999999873e-02
3.130967500000000209e-02
3.523611500000000535e-02
3.794273999999999564e-02
3.501268500000000172e-02
4.496386499999999870e-02
3.381083000000000005e-02
4.996900800000000226e-02
3.901428499999999577e-02
3.063426299999999491e-02
3.185169499999999931e-02
2.475606900000000207e-02
2.061121100000000081e-02
2.952551299999999629e-02
3.180228300000000063e-02
3.256243749999999243e-02
5.143019249999999931e-02
3.044388000000000302e-02
3.804936000000000429e-02
5.226822999999999886e-02
3.142194999999999711e-02
3.409496999999999528e-02
4.068855000000000388e-02
2.410211999999999771e-02
1.562183000000000148e-02
2.318129999999999843e-02
4.149774799999999403e-02
2.491266499999999356e-02
3.306249699999998237e-02
2.202978800000000154e-02
4.047462599999999966e-02
4.489289000000000474e-02
3.611604100000000150e-02
4.519998100000000019e-02
3.416299000000000419e-02
3.184756000000000392e-02
2.026593000000000144e-02
1.498419999999999613e-02
2.428820000000000284e-02
2.268275000000000152e-02
2.124395000000001490e-02
3.385660000000000058e-02
2.230790000000000897e-02
3.121360000000001148e-02
2.765890000000001403e-02
5.772080000000000960e-02
4.216034999999999228e-02
2.210209999999999952e-02
6.756624999999999437e-02
6.219410000000000216e-02
2.384989999999999680e-02
2.417189999999999270e-02
8.810100000000004733e-03
3.967790000000002287e-02
2.780000000000000179e-02
4.529205000000001424e-02
3.528474999999999667e-02
5.607610000000000372e-02
4.476639999999999786e-02
3.529069999999998736e-02
3.182414999999998162e-02
2.826304999999999790e-02
