FramewiseDisplacement
2.035516589999999959e-02
3.116574090000000241e-02
1.805826500000000390e-02
2.651798500000000780e-02
1.404823999999999309e-02
1.533534999999999759e-02
1.664191100000000090e-01
2.355066650000000039e-01
3.008540499999999909e-02
8.825195000000000956e-02
3.544123000000000412e-02
3.052000000000000546e-02
1.785207999999999240e-02
4.340928500000000578e-02
2.023803500000000838e-02
2.586657999999999319e-02
2.761793999999999014e-02
5.457010400000000816e-02
2.570740400000000314e-02
5.620774499999999646e-02
4.365926299999999677e-02
1.316027999999999989e-02
2.945131199999999339e-02
3.467243999999999882e-02
8.239807999999999855e-02
3.739602999999999677e-02
5.288603999999999528e-02
1.684598500000000082e-02
1.803782500000000039e-02
3.268076000000000314e-02
1.241420999999999844e-02
3.467647999999999564e-02
1.313014000000000021e-02
1.743060999999999916e-02
2.760401999999999995e-02
1.300451000000000211e-02
2.553743199999999880e-02
2.841713700000000203e-02
1.151511499999999938e-02
2.034311999999999926e-02
3.101357600000000103e-02
2.382740399999999995e-02
1.910064699999999838e-02
2.742141999999999843e-02
2.934762200000000376e-02
1.187407499999999956e-02
1.588186000000000112e-02
4.786379500000000065e-02
4.059316500000000050e-02
3.361206440000000240e-02
2.930251640000000254e-02
2.324392800000000051e-02
3.235240299999999486e-02
3.167151499999999731e-02
2.843042999999999959e-02
3.048106999999999900e-02
5.145742999999999151e-02
4.916356999999999672e-02
3.475895000000000373e-02
3.935092999999999924e-02
2.236064999999999581e-02
7.893480000000001329e-03
2.533580000000000554e-03
1.755790000000000128e-02
7.533599999999997070e-03
1.125714999999999875e-02
3.080238000000000073e-02
3.119943000000000369e-02
4.188499999999999862e-02
2.470639999999999642e-02
2.680479999999999668e-02
3.303379999999999511e-02
3.073449999999999793e-02
4.991640299999999114e-02
2.971024299999999729e-02
2.776176999999999812e-02
1.628987000000000143e-02
2.906943199999999922e-02
1.622452800000000195e-02
3.410855999999999610e-02
2.173468000000000622e-02
1.013813500000000090e-01
1.658863299999999985e-01
1.598166249999999899e-01
5.470868500000000689e-02
2.197947219999999216e-02
4.428238780000001013e-02
2.722440000000000276e-02
6.712099999999998623e-03
1.984219999999999387e-02
3.023490500000000636e-02
4.402346499999998386e-02
7.163790000000001476e-03
1.290734999999999452e-02
2.469560000000000505e-02
3.006455000000000585e-02
2.481824999999999656e-02
1.796470000000000358e-02
3.807067000000000090e-02
