FramewiseDisplacement
8.058751570000000086e-02
3.836040069999999136e-02
5.367892499999999539e-02
4.011422499999998947e-02
9.507242060000001271e-02
1.060103565999999942e-01
8.727780999999999734e-02
3.600786300000000106e-02
5.130096250000000524e-02
4.987416500000000502e-02
3.066379500000000063e-02
2.700726499999999558e-02
6.081527950000000654e-02
8.729967450000000739e-02
2.281202999999999703e-02
2.403164950000000188e-02
2.749910450000000312e-02
3.024639550000000898e-02
5.217933000000000293e-02
7.474959999999999938e-02
3.739346550000000047e-02
4.233984000000000358e-02
4.599523449999999569e-02
5.143738500000000213e-02
3.857845499999999761e-02
2.544559500000000141e-02
2.377606399999999676e-01
1.339574067000000035e-01
5.522068830000000789e-02
3.037244999999999528e-02
4.228589999999998739e-02
5.062167000000000056e-02
9.986187500000000272e-02
6.773440000000000016e-02
5.103868500000000030e-02
4.453491499999999437e-02
3.218908499999999229e-02
2.236510499999999277e-02
3.176699500000000620e-02
2.931149999999999728e-02
3.742431000000000230e-02
2.264286999999999550e-02
4.632408500000000096e-02
2.734719999999999859e-02
5.735081500000000637e-02
6.094414000000000081e-02
3.024207500000000021e-02
6.662213000000000163e-02
1.000065049999999955e-01
3.144684400000000157e-02
4.447822299999999729e-02
9.287542900000000934e-02
5.531756000000000173e-02
1.952651499999999776e-02
6.915839999999999488e-02
1.297481600000000013e-01
6.792338999999998628e-02
4.378882999999999387e-02
1.374830850000000049e-01
5.788652600000000065e-02
5.119446900000000633e-02
3.956840000000000357e-02
3.100384000000000126e-02
8.540736999999998247e-02
1.036998899999999890e-01
3.526705000000000811e-02
5.854635000000000394e-02
5.357174999999998050e-02
1.057617549999999990e-01
1.072464449999999958e-01
5.976874000000000076e-02
6.586915000000001519e-02
1.790260000000001850e-02
3.836287499999999073e-02
1.473729999999999311e-02
6.228727500000000999e-02
7.369555000000001244e-02
2.853370000000000212e-02
4.749035000000000062e-02
4.914924999999999849e-02
2.101879999999999027e-02
4.446528000000000286e-02
2.008689800000000025e-01
2.349806000000000117e-01
2.476132500000000347e-01
9.850819999999997634e-02
3.576042999999999583e-02
4.689489999999999631e-02
2.072866299999999995e-01
1.652466099999999882e-01
6.353146000000001181e-02
4.007865000000000733e-02
2.693351999999998164e-02
2.230401000000000258e-02
3.326406999999999975e-02
1.906648999999999497e-02
2.286143999999998982e-02
4.714033000000000806e-02
6.431399999999999617e-02
