FramewiseDisplacement
5.310988700000001533e-02
4.836995300000000025e-02
3.649879999999999097e-02
7.136249999999999538e-02
4.919429999999999636e-02
3.610349999999998977e-02
5.138364999999998906e-02
6.568505000000002259e-02
5.988545000000001367e-02
2.175765000000001032e-02
4.850998000000000115e-02
4.810657999999998213e-02
5.964305000000000301e-02
7.973084000000001115e-02
8.074258999999998909e-02
4.927772600000000086e-02
5.251732599999999612e-02
6.449181199999998171e-02
7.895308700000003288e-02
8.793739550000000127e-02
6.512116049999999712e-02
1.119874260000000427e-01
5.984188600000001079e-02
2.074448900000000207e-01
1.194826849999999913e-01
9.301603499999996916e-02
9.499170999999999310e-02
8.532874999999999488e-02
8.289214000000001692e-02
1.358713000000000976e-02
5.704425000000000467e-02
7.339054999999999884e-02
7.005863999999997760e-02
8.066327499999999262e-02
2.830120500000001330e-02
9.163559999999992475e-03
1.494236800000000032e-01
2.041705000000000256e-02
7.720959499999999198e-02
6.937924500000000605e-02
4.444180000000000352e-02
4.329708500000000598e-02
2.791097999999999843e-02
5.020284500000000288e-02
6.569011499999999337e-02
4.271262500000000406e-02
4.054888499999999979e-02
6.890898200000000751e-02
3.271494800000000064e-02
3.169519500000000239e-02
3.311662499999999676e-02
5.390382499999999549e-02
5.297020999999999674e-02
5.783154999999999546e-02
7.557018000000000069e-02
5.142439000000000732e-02
1.986615899999999713e-01
1.357940599999999942e-01
1.213893749999999799e-01
6.821667500000001827e-02
8.896349999999997316e-02
6.261740000000000361e-02
1.052472000000000130e-01
7.072715000000004415e-02
2.859009999999998983e-02
4.356844999999999468e-02
6.038569999999999355e-02
2.728331999999997898e-02
5.536992000000000996e-02
1.001144949999999700e-01
5.450612000000001206e-02
6.666088999999998654e-02
9.021322500000002187e-02
1.163662949999999807e-01
7.736464000000001229e-02
2.146426499999999626e-02
4.207326500000002634e-02
2.722709499999997548e-02
9.936104999999997855e-02
8.496143999999998531e-02
6.113072999999998730e-02
5.782196499999998907e-02
5.452298499999999604e-02
8.886893000000001264e-02
3.393589300000001557e-02
7.246924999999999895e-02
4.299592300000001227e-02
3.774403499999999523e-02
6.122337000000002694e-02
8.036157500000001841e-02
2.562095199999999684e-01
1.011972499999999608e-01
6.554297999999998681e-02
3.864052000000001152e-02
1.054070000000000007e-01
7.903338499999999767e-02
2.533614999999996703e-02
1.016716249999999738e-01
5.736176999999995779e-02
