FramewiseDisplacement
6.703005000000000768e-02
6.033465000000001743e-02
2.482550000000004198e-02
3.200249999999999623e-02
3.266879999999994233e-02
4.996380000000000959e-02
3.914169999999998761e-02
1.062600000000000003e-02
4.703969999999999679e-02
8.944849999999998635e-02
1.318420890000000234e-01
1.120572609999999913e-01
6.478509999999998437e-02
2.187610400000000177e-01
3.049879600000001134e-01
1.843459999999999821e-01
3.693462999999999608e-01
2.916346000000000216e-01
2.962752500000000455e-01
1.454773999999999790e-01
8.331298449999999245e-02
6.151897450000001766e-02
6.928120999999999585e-02
3.607544999999999502e-02
3.356489999999999474e-02
2.983669999999999725e-02
6.212836800000000326e-02
2.448808180000000001e-01
1.727875000000000383e-01
2.316037999999999986e-01
9.368674000000001834e-02
2.470407000000000852e-02
7.985078999999999094e-02
4.958210000000000395e-02
5.312754999999999561e-02
3.692094000000000625e-02
3.557311500000000237e-02
4.206869499999999623e-02
3.979270000000000723e-02
3.425199999999999773e-02
5.102724999999999622e-02
5.280839999999999840e-02
2.759430000000000910e-02
3.130365000000000231e-02
1.963270499999999683e-02
2.245305000000000217e-02
7.942983600000000366e-02
8.824396899999999155e-02
3.334088000000000329e-02
3.200758730000000107e-02
1.370134199999999830e-02
2.171610280000000129e-02
1.105240140000000176e-02
3.171711010000000802e-02
2.984714299999999959e-02
1.179978117999999909e-01
1.079710651999999937e-01
1.250147349999999880e-01
4.403105799999999792e-02
7.783087299999999487e-02
5.791959500000000427e-02
1.326938370000000089e-01
6.166482699999999151e-02
9.328384000000000675e-02
8.544114999999999349e-02
1.461434500000000081e-01
1.040939850000000000e-01
2.856667149999999600e-01
2.089376999999999762e-01
1.731254999999999877e-01
8.684099999999998765e-02
7.806220000000002601e-02
1.094991499999999895e-01
1.843860500000000513e-01
1.050207999999999975e-01
7.236089999999999189e-02
2.020449999999997595e-02
4.222372100000003348e-02
5.581147900000001105e-02
7.180471999999998856e-02
8.088832000000002742e-02
4.098012000000001570e-02
1.940675200000000211e-01
2.632427999999999990e-01
2.707801000000000236e-01
1.276548999999999878e-01
6.037099999999998023e-02
1.116890999999999856e-01
8.481230000000004876e-02
9.094575000000003351e-02
1.230460500000000179e-01
1.502839499999999995e-01
1.481601500000000182e-01
1.181444430000000018e-01
8.215055700000001293e-02
6.258540000000001324e-02
1.041584999999999872e-01
1.196207900000000046e-01
4.796766399999997932e-02
