FramewiseDisplacement
3.036858399999998320e-02
5.564680799999997818e-02
3.002735000000000473e-02
5.208571999999998814e-02
2.644743200000000405e-01
1.471056400000000097e-01
2.834819199999999428e-01
5.275054300000001778e-02
5.994040700000001498e-02
6.903523999999999772e-02
3.402713000000003735e-02
4.253252000000001115e-02
3.627577000000001273e-02
1.137504799999999872e-01
1.092817799999999950e-01
2.135404599999999875e-01
6.366294000000001507e-02
9.154105999999999355e-02
2.087634000000000711e-02
7.904286999999995955e-02
7.743126000000000175e-02
2.399882599999999810e-01
2.366902200000000067e-01
2.814811000000000396e-01
7.584779999999997913e-02
6.474921000000000149e-02
6.447486999999998969e-02
4.092109999999997416e-02
1.746645700000000190e-01
3.479885299999999626e-01
1.828387399999999996e-01
1.841189899999999824e-01
7.002511000000000152e-02
3.983215000000000366e-02
4.566649999999996407e-02
5.055472999999999911e-02
1.388609000000000093e-01
1.016384599999999860e-01
1.688439800000000046e-01
1.520730600000000099e-01
1.425834299999999832e-01
1.421413299999999824e-01
6.890412999999999399e-02
3.513792999999999084e-02
4.892764000000000835e-02
3.135859000000000563e-02
2.380084500000000103e-01
2.397716250000000160e-01
3.096120499999999165e-02
1.664919300000000379e-01
9.644661000000000206e-02
1.664595600000000064e-01
1.022540200000000010e-01
5.309103999999999907e-02
1.078981930999999977e-01
1.741989530999999702e-01
1.891321249999999565e-01
1.277993849999999876e-01
2.358267499999999739e-01
5.890840499999999702e-02
3.400560950000000582e-01
2.084476899999999633e-01
3.015653199999999701e-01
5.134762999999999133e-02
1.668674900000000350e-01
1.140473000000000042e-01
5.934979999999998035e-02
1.421661500000000189e-01
1.751562499999999856e-01
1.300482699999999936e-01
8.030892200000000480e-02
3.571940799999999416e-02
1.981708899999999884e-01
1.037990500000000316e-01
1.611485199999999895e-01
2.591384999999999939e-01
2.537045800000000129e-01
1.132791600000000176e-01
6.490412499999999307e-02
3.192207849999999514e-01
1.422120999999999802e-01
2.152829685000000048e-01
1.070353284999999988e-01
1.364622849999999887e-01
2.024916924999999868e-01
9.520573250000000098e-02
1.307492150000000020e-01
2.201179500000000067e-01
1.926847499999999880e-01
1.563888599999999907e-01
1.929142799999999935e-01
9.760183000000000053e-02
1.776238199999999878e-01
1.277645300000000150e-01
1.173630299999999932e-01
2.430812099999999920e-01
1.354693399999999937e-01
1.566025300000000176e-01
1.840079599999999982e-01
