FramewiseDisplacement
3.000293900000001318e-02
2.939487399999999445e-02
4.866089700000000851e-02
3.573952000000000379e-02
3.618443999999998439e-02
4.592573999999999962e-02
3.088718299999999514e-02
4.352288299999998444e-02
1.771174000000000359e-02
5.986314999999998998e-02
5.800260000000001526e-02
3.240949999999997305e-02
5.442915000000001641e-02
6.884760000000000879e-02
7.019734999999999170e-02
4.563094999999999651e-02
3.089462499999999501e-02
9.533629000000000409e-02
6.854934000000000027e-02
8.750121100000002317e-02
3.395987100000000258e-02
5.319967000000000446e-02
4.906014500000001333e-02
3.685934999999999906e-02
2.530603499999999062e-02
3.103709999999999455e-02
3.621120500000000325e-02
1.451635499999999294e-02
3.951250499999999638e-02
5.920975500000000280e-02
1.813714000000000298e-02
2.381529499999999674e-02
2.532580000000000942e-02
4.533060000000001255e-02
3.435033549999999547e-02
1.514047550000000020e-02
3.570798000000000028e-02
3.384613999999999678e-02
3.362217999999999457e-02
1.945108000000000253e-02
1.832330700000000048e-02
3.568109700000000190e-02
5.726955999999999714e-02
4.541048999999999780e-02
4.506146599999999447e-02
2.993388200000000193e-02
2.784014099999999881e-02
3.952638549999999695e-02
4.430134850000000402e-02
3.997474649999999824e-02
1.283596649999999874e-02
4.262350499999999903e-02
1.773168799999999892e-02
5.200372299999999476e-02
1.173870350000000146e-01
1.306588850000000024e-01
3.643667999999999213e-02
5.134284999999999544e-02
1.261918900000000010e-01
6.318540000000000267e-02
2.680765000000000231e-02
3.322724999999998596e-02
1.534669999999998397e-02
1.650269999999999862e-02
3.704636999999998126e-02
4.985861999999999239e-02
1.794106499999999910e-02
2.516324450000000448e-02
2.201945000000000985e-02
1.162883364999999780e-01
3.504324930000000116e-01
1.499136794999999800e-01
8.862582000000002180e-02
4.768713000000000118e-02
6.088509949999998394e-02
7.380815950000001180e-02
4.157292999999999406e-02
1.931467500000002072e-02
1.002165449999999902e-01
9.831062949999999634e-02
3.341600000000000126e-02
7.203050000000015517e-03
3.258555000000001173e-02
1.540946000000000329e-02
3.620986000000002425e-02
1.434444999999996868e-02
1.274425000000001078e-02
3.850724999999997900e-02
3.725529999999994263e-02
2.791189999999999644e-02
2.538834999999999703e-02
2.598290000000001709e-02
1.542805000000003167e-02
2.714270000000000224e-02
4.282119999999998289e-02
1.679574999999998083e-02
2.201309999999997991e-02
5.275229000000000723e-02
2.999943820999996513e-02
