FramewiseDisplacement
3.809767700000001034e-02
2.128922000000000453e-02
1.777015500000000969e-02
3.764218500000000162e-02
2.163009999999999586e-02
1.010242000000000084e-02
1.825537999999999814e-02
1.952584999999999391e-02
1.154268500000000044e-02
1.783575999999999565e-02
3.632973500000000189e-02
4.670036500000000063e-02
9.146891000000000743e-03
3.125592600000000332e-02
2.685741999999999990e-02
2.827607999999999858e-02
2.025735499999999426e-02
2.449217000000000408e-02
1.922723500000000224e-02
2.737650500000000584e-02
3.086952500000000182e-02
3.782195649000000270e-02
4.756340750999999561e-02
5.692889000000000282e-02
5.003328700000000268e-02
2.084795299999999893e-02
3.003063600000000291e-02
4.912423900000000704e-02
4.648315000000000086e-02
1.260875000000000190e-02
2.233155000000000209e-02
1.630110499999999629e-02
3.142847500000000432e-02
2.303305999999999409e-02
2.410064999999999777e-02
3.517107000000000566e-02
6.050017500000000326e-02
1.847945999999999617e-02
2.607943000000000067e-02
5.059766999999999737e-02
1.882759500000000252e-02
2.213659160000000167e-02
1.802107210000000043e-02
6.288536349999998554e-02
1.461439499999999878e-02
4.668025500000000383e-02
1.819122500000000184e-02
4.936511500000000108e-02
4.655710000000000404e-03
1.267545000000000130e-02
3.319341650000000310e-02
1.882457349999999696e-02
4.112409200000000098e-02
4.108280200000000160e-02
2.319715300000000160e-02
4.102420499999999415e-02
4.310082999999999970e-02
4.835819499999999965e-02
1.354138249999999738e-02
4.663406750000000101e-02
3.930890999999999552e-02
1.186575000000000130e-02
2.318100499999999758e-02
5.629683499999999646e-02
1.434995199999999568e-02
1.353812800000000344e-02
2.516554999999999834e-02
6.846456000000000763e-02
5.577723399999999498e-02
2.598453700000000199e-02
2.640528339999999655e-02
4.215372909999999529e-02
3.531156349999999000e-02
2.857804499999999637e-02
2.376705100000000084e-02
3.753846200000000161e-02
2.503852100000000108e-02
7.110637000000000207e-02
2.175961500000000298e-02
2.399185399999999649e-02
3.362615599999999039e-02
3.208226499999999176e-02
1.065665000000000362e-02
1.565188349999999951e-01
1.607878950000000140e-01
6.367010000000000725e-02
3.414770000000000305e-02
2.392055000000000570e-02
2.401760000000000006e-02
1.980659999999999366e-02
9.307449999999991425e-03
5.625349999999998581e-03
3.250050000000000855e-03
2.126434999999999784e-02
3.116609000000001087e-02
1.092427000000000849e-02
1.277688999999999388e-02
5.362097000000001085e-02
4.462341000000002306e-02
