FramewiseDisplacement
1.164517599999999597e-01
5.384907999999997974e-02
1.118571299999999852e-01
1.416088899999999873e-01
1.598462999999999690e-01
1.192577999999999833e-01
2.579880000000004531e-02
3.891440000000000177e-02
6.124154000000005260e-02
5.239521999999999929e-02
3.860591999999996027e-02
5.066860000000001502e-02
5.060860000000001052e-02
4.610736999999995311e-02
4.423677000000002940e-02
7.159686999999996526e-02
4.924045000000000505e-02
2.470473000000000807e-02
3.384586999999997237e-02
5.172907000000002975e-02
6.196435000000000831e-02
4.411415999999999255e-02
2.911330999999997560e-02
3.046905000000001140e-02
1.685900000000000593e-02
2.071049999999995117e-02
1.188210000000002042e-02
4.113510000000001471e-02
5.298800000000002119e-02
2.423740000000000616e-02
3.256599999999999079e-02
2.557905000000000595e-02
5.544291999999999970e-02
7.887706500000003784e-02
6.796372500000000261e-02
3.370831999999999301e-02
1.355791000000000981e-02
5.668527649999999252e-02
2.426707650000001215e-02
4.719040199999999935e-02
3.293962200000000173e-02
6.524294499999999664e-02
3.519076000000000148e-02
3.691378735999999855e-02
2.203290864000000127e-02
2.374657600000000188e-02
1.318913000000000030e-02
1.582915499999999753e-02
2.179460999999999898e-02
4.598061400000000298e-02
2.240791599999999995e-02
2.537424499999999666e-02
1.011919000000000013e-02
1.151583499999999857e-02
4.865222499999999339e-02
2.845603000000000021e-02
4.560374999999999845e-02
1.389369999999999668e-02
1.424720000000000847e-02
2.567271999999999610e-02
1.890048999999999549e-02
4.010480000000000989e-02
3.011635499999999396e-02
1.126596499999999931e-02
6.325054999999997832e-03
3.222855000000000164e-02
2.652288500000000646e-02
1.064738249999999942e-01
1.156362800000000357e-01
5.344530000000000114e-02
7.832300000000001761e-02
3.355135000000000062e-02
2.004300000000000179e-02
2.587740000000000873e-02
4.019085000000000713e-02
2.685349999999999196e-02
3.080835000000000171e-02
6.295364999999999989e-02
2.037139999999999784e-02
3.870630000000002680e-02
1.846560000000002644e-02
3.835525000000001433e-02
1.082784999999999651e-02
2.765389999999998127e-02
2.230116999999999169e-02
1.189528000000000287e-02
1.189452999999998303e-02
2.836561000000002025e-02
9.811839999999977940e-03
3.711944500000000091e-02
1.780479000000001477e-02
3.979906499999998765e-02
3.147029999999997191e-02
3.518881000000001480e-02
1.529650499999998109e-02
1.960519399999999246e-02
2.003412400000002466e-02
2.640068999999999055e-02
1.117781000000000850e-02
