FramewiseDisplacement
9.417767000000001887e-02
9.129248047000000643e-02
1.033102804700000016e-01
9.335448000000000357e-02
7.615031999999999357e-02
9.983761999999998804e-02
2.814409999999999829e-02
6.579809000000000352e-02
9.266571999999999310e-02
1.250979000000000119e-01
5.533485000000000487e-02
4.958560999999998831e-02
5.745525999999999411e-02
9.013200999999999852e-02
1.405841499999999911e-01
5.854077999999999365e-02
1.766730100000000192e-01
1.748774800000000296e-01
6.731035999999998576e-02
3.214390000000000303e-02
5.822546000000000666e-02
7.865297999999999734e-02
1.265374949999999998e-01
1.122361649999999988e-01
1.457012199999999924e-01
8.400952999999997117e-02
6.857897000000000298e-02
8.586694000000000271e-02
9.028500999999998500e-02
6.066588999999999315e-02
7.562946000000000946e-02
9.247770000000000989e-02
1.120610899999999882e-01
1.451005500000000087e-02
2.893310500000000063e-02
1.150202799999999886e-01
1.358989200000000064e-01
6.213670500000000735e-02
5.994985499999999634e-02
8.349079999999999002e-02
5.488577999999999513e-02
2.180636000000000033e-02
2.048526479999999983e-02
3.761953519999999829e-02
1.434954999999999911e-02
2.690930999999999532e-02
4.499179199999999573e-02
3.916745199999999844e-02
1.786593100000000156e-02
2.617285550000000155e-02
4.369409650000000145e-02
7.630934800000001295e-02
1.188712900000000183e-01
6.609172500000000394e-02
1.552593500000000112e-02
4.528242500000000115e-02
4.284744499999999789e-02
6.813442000000000109e-02
8.017996999999998931e-02
2.409903000000000045e-02
1.912941999999999768e-02
1.624012650000000030e-02
3.905521349999999808e-02
2.305221999999999827e-02
3.262401999999999663e-02
1.726144500000000026e-02
4.017321500000000517e-02
1.105217949999999921e-01
5.938261499999999971e-02
3.940859500000000459e-02
1.684294650000000004e-01
2.816786400000000357e-01
4.980481500000000228e-02
1.575323299999999982e-01
1.081585699999999955e-01
7.182369000000000947e-02
8.380067500000000502e-02
2.068942700000000190e-01
9.570712000000000663e-02
4.946723999999999566e-02
5.093863750000000162e-02
9.543572249999998647e-02
1.508517249999999921e-01
6.303758600000000656e-02
3.903234399999999660e-02
5.809403000000000483e-02
1.141492749999999945e-01
3.861846999999999502e-02
6.392699000000000298e-02
7.355050500000000213e-02
5.952377999999999836e-02
1.164591400000000165e-01
3.944023500000000404e-02
5.867043500000000689e-02
1.092264849999999843e-01
7.136421000000001125e-02
7.605518999999999474e-02
4.348858000000000584e-02
4.364434159999999036e-02
