FramewiseDisplacement
1.178919499999999676e-01
1.626046849999999988e-01
6.915503500000003134e-02
1.004673000000000094e-01
1.255653999999999659e-01
2.097540999999999434e-01
3.320258499999999557e-01
2.870790179999999636e-01
1.869540720000000267e-01
1.393988900000000253e-01
1.357525499999999996e-01
2.732814299999999919e-01
9.452548699999998583e-01
8.193921500000000968e-01
5.009565000000000268e-01
1.310613500000000209e-01
1.835117500000000013e-01
8.449811000000000127e-02
1.598154899999999767e-01
1.084305000000000130e-01
1.127388500000000016e-01
1.049595999999999862e-01
1.279707999999999957e-01
2.583831000000000322e-01
1.413663500000000017e-01
1.303770999999999958e-01
1.163507999999999903e-01
1.016287999999999775e-01
1.446940199999999788e-01
9.218146999999998759e-02
1.069393999999999900e-01
1.078461000000000003e-01
7.759654999999998637e-02
1.338539950000000034e-01
9.526279499999998346e-02
1.179627500000000051e-01
1.005912000000000056e-01
1.154278499999999846e-01
1.307738999999999985e-01
1.142581199999999769e-01
1.014603050000000145e-01
1.145498650000000007e-01
2.283117199999999958e-01
2.670344199999999946e-01
1.537550900000000109e-01
1.661827650000000101e-01
8.259037899999999155e-02
1.541956059999999851e-01
1.658840400000000104e-01
1.071007910999999813e-01
9.533343509999998855e-02
2.138100329999999827e-01
2.312509189999999992e-01
1.724178600000000061e-01
1.079415999999999987e-01
1.260160750000000052e-01
9.439067499999999333e-02
1.149213750000000062e-01
1.003355999999999831e-01
2.114623750000000080e-01
1.985163999999999818e-01
1.218987700000000174e-01
1.685001299999999980e-01
1.322082899999999783e-01
1.246128899999999762e-01
1.054987999999999759e-01
1.583781999999999968e-01
1.914069700000000096e-01
1.048237699999999967e-01
1.557446499999999845e-01
1.081456800000000079e-01
1.415381800000000134e-01
1.732725199999999854e-01
1.333204100000000003e-01
1.193501790000000146e-01
2.056285510000000205e-01
3.248390199999999783e-01
5.070217399999999985e-01
9.206433999999998063e-02
1.589714399999999916e-01
7.090059999999999418e-02
1.758557499999999774e-01
1.548118500000000286e-01
1.024132734999999989e-01
1.213410265000000043e-01
4.745960000000000456e-02
6.356713999999999420e-02
8.881983999999999713e-02
5.515857999999999178e-02
1.089110699999999848e-01
1.970401399999999748e-01
1.757128700000000210e-01
1.707957000000000225e-01
1.126982399999999912e-01
1.481794999999999918e-01
1.744509750000000081e-01
1.380009249999999965e-01
1.347047149999999749e-01
1.286782350000000019e-01
