FramewiseDisplacement
4.282846499999998918e-02
6.044558499999996837e-02
3.329243700000001499e-02
2.972790999999995812e-02
5.086647800000000663e-02
2.777843199999997445e-02
3.013697399999999346e-02
1.266553599999999287e-02
2.776787400000004652e-02
1.928176999999998628e-02
4.641163000000003702e-02
3.683164000000003352e-02
2.508693999999999508e-02
1.136770000000003958e-02
3.412365000000000537e-02
2.814790000000003817e-02
4.722170000000001922e-02
2.454699999999999244e-02
4.446572999999998804e-02
3.227067000000004293e-02
4.242892000000000885e-02
2.471844000000001165e-02
4.230930000000002189e-02
3.751074999999999549e-02
3.443199999999999039e-02
2.555284999999996032e-02
3.797769999999997537e-02
2.093840000000003060e-02
3.888725000000001902e-02
2.528039999999996679e-02
3.491654999999999065e-02
3.903295000000003845e-02
4.158195000000001335e-02
3.182715000000000544e-02
3.520160000000001344e-02
2.065924999999997971e-02
2.206140000000000531e-02
7.759556000000000786e-02
3.225678429999999375e-02
4.764579569999999320e-02
4.371972899999998496e-02
1.002440600000002908e-02
5.784282099999998872e-02
1.202793739999999945e-01
7.436574400000001139e-02
2.811048699999999650e-02
3.397433700000000723e-02
1.395018099999999900e-02
3.784891699999999581e-02
5.464917700000000017e-02
5.201901399999999537e-02
2.570213699999999990e-02
2.244907900000000026e-02
3.004755800000000199e-02
2.858827700000000221e-02
1.337525999999999646e-02
1.364252499999999736e-02
3.043879700000000355e-02
2.622748699999999725e-02
4.450540000000000052e-02
2.110862000000000155e-02
2.682982000000000422e-02
3.077582499999999971e-02
4.052584299999999889e-02
2.047613499999999254e-02
2.663124000000000394e-02
2.557398999999999784e-02
2.770261999999999725e-02
5.381764999999999466e-02
6.915989999999999638e-02
2.605910000000001212e-02
2.022200000000000039e-02
2.075335000000000027e-02
1.963809999999999514e-02
1.939175000000000620e-02
4.891884999999998596e-02
4.325644999999996715e-02
5.944200000000000872e-02
2.146243000000000178e-01
1.521460999999999786e-01
1.075202999999999853e-01
6.619749999999999246e-02
3.858789999999998749e-02
2.830100000000001018e-02
5.963150000000001782e-02
4.419999999999999624e-02
1.569150000000000406e-02
1.764049999999999646e-02
3.039050000000002166e-02
4.342750000000000776e-02
3.583199999999998886e-02
2.663699999999998708e-02
1.887299999999998701e-02
3.266900000000001053e-02
2.921650000000003064e-02
1.250300000000000196e-02
1.883949999999997432e-02
2.075799999999997786e-02
3.283350000000003627e-02
