FramewiseDisplacement
2.709550000000001541e-02
5.385595000000001353e-02
4.190649999999999931e-02
2.557025000000000617e-02
4.082169999999999549e-02
1.950580000000000022e-02
3.793445000000000150e-02
6.428290000000000393e-02
1.730910000000001128e-02
4.266839999999999522e-02
6.507846999999999937e-02
4.485087999999999575e-02
1.736805000000001334e-02
4.523374999999999618e-02
5.989064999999998973e-02
4.273290000000000421e-02
3.769844999999999446e-02
2.267320000000000446e-02
3.833830000000000571e-02
3.544869999999999965e-02
1.854150000000000242e-02
2.078854999999998898e-02
3.520291999999999172e-02
4.912611999999999535e-02
2.023542000000000049e-02
7.830889000000000599e-02
6.113903000000001087e-02
4.899544999999998901e-02
7.601609000000000838e-02
3.413289999999999380e-02
5.914453000000000071e-02
2.295987000000000028e-02
2.117613999999999261e-02
2.874403999999999501e-02
7.318184999999999274e-02
2.312415000000000304e-02
5.280449200000000148e-02
2.153738950000000027e-02
3.260143750000000368e-02
7.872980499999999993e-02
5.102977000000000207e-02
1.066344029999999887e-01
2.822756800000000149e-02
2.730008499999999477e-02
6.252922999999999121e-02
3.283776999999999530e-02
5.960645499999999569e-02
4.796165499999999887e-02
2.771082999999999880e-02
4.223936829999999643e-02
5.549077670000000101e-02
4.717499200000000587e-02
4.095710000000000323e-02
4.161419000000000229e-02
2.022558500000000425e-02
8.872710500000000056e-02
3.428972100000000911e-02
4.412017699999998960e-02
1.368367799999999947e-02
3.344968999999999720e-02
3.027754500000000987e-02
2.749891500000000225e-02
2.603272000000000919e-02
3.391217599999998139e-02
3.224506600000000278e-02
3.041370000000000878e-02
4.034575499999999704e-02
2.354231500000000810e-02
2.116810999999998305e-02
3.137404999999997973e-02
1.944584999999999370e-02
1.397984000000000900e-02
2.505169000000000493e-02
2.214500000000000496e-02
4.786104000000000053e-02
5.127106349999999840e-02
2.822576350000000067e-02
3.145937000000000039e-02
3.391487999999999448e-02
7.489497999999999989e-02
5.016750500000000113e-02
4.086922500000000208e-02
6.325485000000000135e-02
1.908065000000000802e-02
3.764785000000000353e-02
2.114005000000000051e-02
2.139369000000000687e-02
4.202199000000001600e-02
7.186755000000000226e-02
3.265019999999999728e-02
3.842385000000000245e-02
3.567069999999999963e-02
5.212645499999998128e-02
3.454530500000000531e-02
2.905603500000001477e-02
6.296170500000000669e-02
4.301689999999999681e-02
3.582480000000000386e-02
3.499950000000000977e-02
