FramewiseDisplacement
4.689300000000000412e-02
3.727264999999998357e-02
4.006739999999999607e-02
4.573765000000001857e-02
6.345072000000001600e-02
5.822732000000000602e-02
3.532360000000000361e-02
3.063370000000001370e-02
7.063244999999999940e-02
8.276944999999999442e-02
6.649892000000000303e-02
7.631156999999999524e-02
6.357894999999999519e-02
6.431970000000000742e-02
8.749715000000000964e-02
9.649240000000000594e-02
2.735950000000000187e-02
6.250854999999999606e-02
5.520624999999999144e-02
7.372420000000000362e-02
6.108600999999999615e-02
3.731774999999999676e-02
3.005245999999999959e-02
4.111154999999999671e-02
3.600605999999999252e-02
1.843670500000000115e-02
7.224593499999999724e-02
4.069361999999999979e-02
6.804907000000000317e-02
4.236224499999999282e-02
5.359599499999999350e-02
5.601055999999999396e-02
5.392664999999999959e-02
2.573239000000000082e-02
7.101448999999998568e-02
4.393333000000000654e-02
4.729597000000000662e-02
6.155660000000000298e-02
3.504855199999999671e-02
1.872782300000000108e-02
3.370173499999999656e-02
3.797944500000000057e-02
5.588061999999999890e-02
6.445850000000001578e-02
5.343856500000000037e-02
4.061513999999999402e-02
3.165897499999999892e-02
5.072659499999999932e-02
4.261459549999999791e-02
3.923219649999999670e-02
4.359386099999999764e-02
5.488614999999999466e-02
5.938281499999999852e-02
4.270687000000000094e-02
2.674522499999999747e-02
1.890294349999999818e-02
3.878020349999999200e-02
2.769153000000000586e-02
5.752386500000000041e-02
3.998166400000000009e-02
2.348778900000000197e-02
3.171058499999999947e-02
2.648991499999999930e-02
6.353681999999999386e-02
6.634316500000000949e-02
4.093490499999999366e-02
3.224685000000000051e-02
3.389933000000000529e-02
3.560664000000000884e-02
6.654486999999999208e-02
5.867419999999999580e-02
4.134564999999999768e-02
4.103934999999999528e-02
5.400875000000000120e-02
3.213135000000000296e-02
7.649047999999999958e-02
2.535379999999999925e-02
2.074343999999999841e-02
5.720091799999998949e-02
3.757995199999999286e-02
5.287645999999999319e-02
5.848039999999998795e-02
5.627914000000000527e-02
3.038411099999999143e-02
2.790286900000000375e-02
2.575190999999998898e-02
5.736054000000000153e-02
2.425646000000000746e-02
2.616687000000000179e-02
1.719764000000000015e-02
1.189737999999999733e-02
3.467299999999999549e-02
1.723637000000000086e-02
5.386095999999999939e-02
2.205789999999999834e-02
5.540269000000000443e-02
5.459176000000000306e-02
7.258119999999999850e-02
4.568110000000000226e-02
