FramewiseDisplacement
7.201380000000001669e-02
1.600984899999999267e-01
2.265392899999999210e-01
1.766415699999999422e-01
1.787032699999999141e-01
1.670881699999999803e-01
1.976159000000000110e-01
7.847812999999997929e-02
8.303037000000001999e-02
1.092581999999999998e-01
6.249639999999996587e-02
1.020666999999999547e-01
1.187881999999999549e-01
2.506020499999999651e-01
8.270983000000001195e-02
7.383777999999995012e-02
7.362042999999997284e-02
1.747501000000000471e-01
1.130566380000000093e+00
5.916613499999999748e-01
1.368555500000000757e-01
1.981739000000000694e-01
4.704543000000000474e-01
1.567028999999999783e-01
3.311561999999999562e-01
1.815857399999999955e-01
1.896010599999999879e-01
1.442701999999999873e-01
7.076389999999999070e-02
8.061265000000002179e-02
1.291734499999999952e-01
1.044418485000000174e-01
1.969287514999999711e-01
1.943368999999999791e-01
1.668082999999999927e-01
1.025609800000000377e-01
1.387191800000000252e-01
1.856062900000000071e-01
1.924683449999999851e-01
6.131383408500000465e-02
1.051971398149999931e-01
4.100422730000000821e-02
1.508119508000000109e-01
1.268457350000000150e-01
8.471396300000000323e-01
5.705563799999999741e-01
2.208842999999999779e-01
1.094951799999999975e-01
8.303556000000000825e-02
6.086429399999999240e-02
9.134763100000001246e-02
1.328674700000000153e-01
5.245968000000000159e-02
9.702083499999999971e-02
1.951683499999999905e-01
1.421613750000000065e-01
1.516842700000000099e-01
2.710767450000000078e-01
2.156285000000000285e-01
1.109135999999999872e-01
9.014639500000000416e-02
8.107033499999999338e-02
5.958458000000001198e-02
4.855408999999999420e-02
8.373301999999999135e-02
6.312282999999999089e-02
1.951705999999999996e-01
2.571706599999999954e-01
3.846403999999999102e-02
6.678089999999999027e-02
1.552460499999999965e-01
1.080981500000000040e-01
1.197129000000000110e-01
1.170284000000000046e-01
1.541538500000000089e-01
2.269394500000000425e-01
2.166300699999999801e-01
1.706738700000000331e-01
1.408620999999999901e-01
1.499325999999999992e-01
8.066805000000001891e-02
1.673092000000000190e-01
1.682361999999999747e-01
1.407918999999999699e-01
1.129417499999999935e-01
7.347050000000002190e-02
3.651568000000000591e-01
2.473209999999999853e-01
1.315994999999999804e-01
9.000474999999999448e-02
7.951940000000001785e-02
1.613817499999999905e-01
1.963189999999999935e-01
2.047518000000000116e-01
5.340060000000002027e-02
4.147820000000002061e-02
9.161315000000000430e-02
1.073790999999999912e-01
4.898169999999998914e-02
