FramewiseDisplacement
6.589710000000001400e-02
3.858936999999997702e-02
5.202419499999999530e-02
4.710101000000001259e-02
4.154725999999999558e-02
6.014961499999999656e-02
2.692173999999999956e-02
3.440657500000000174e-02
3.573209500000000538e-02
7.827566999999999164e-02
4.923714999999998648e-02
4.665715699999999910e-01
4.025724199999999309e-01
4.358905499999999877e-01
2.658793000000000406e-01
6.659473000000000475e-02
6.074636999999999398e-02
4.588760000000001449e-02
3.788305000000001532e-02
5.902870000000001727e-02
3.000450499999997994e-02
4.508919399999999217e-02
9.870611899999999495e-02
5.437581500000000789e-02
4.330389050000000295e-01
9.528659999999999908e-02
5.950134999999996677e-02
7.216812000000001615e-02
9.629765500000000977e-02
6.585074000000000483e-02
6.582952699999999879e-02
4.283403699999999148e-02
5.160044499999999479e-02
5.532868999999999288e-02
5.409767000000000048e-02
1.356330000000000383e-02
2.691586999999999799e-02
4.633066999999999047e-02
5.172789999999999333e-02
6.046151000000000997e-02
5.596429000000000681e-02
4.606073950000000305e-02
6.833467549999999724e-02
5.370942500000000508e-02
7.752757000000000398e-02
5.782985500000000639e-02
4.637375800000000103e-02
2.899829099999999549e-02
4.023510799999999166e-02
3.601625950000000159e-02
2.008813215000000152e-01
1.644173050000000136e-01
1.071326000000000084e-01
1.252900949999999902e-01
8.673612999999999462e-02
4.560033000000000142e-02
3.098783000000000093e-02
5.573748000000000591e-02
2.403666999999999956e-02
3.245840000000001224e-02
2.668506000000000350e-02
5.571406999999999055e-02
6.293189999999999895e-02
2.107189999999999758e-02
1.977874000000000299e-02
3.604103999999999641e-02
2.405120000000000174e-02
6.967892000000000530e-02
5.575561999999999879e-02
4.700026999999999677e-02
3.331440000000000096e-02
3.707749999999999935e-02
3.790971999999999398e-02
4.107336999999999794e-02
3.107092000000000881e-02
2.598994999999999778e-02
2.412877999999999898e-02
2.477583000000000216e-02
1.429497700000000038e-01
2.190730499999999914e-01
1.724151999999999907e-01
4.120479999999999976e-02
2.550699999999999149e-02
4.295600000000002194e-02
2.209740000000002397e-02
2.565780000000000838e-02
4.260204999999999548e-02
7.256716000000000832e-01
3.510794750000000852e-01
1.680308350000000173e-01
1.318719400000000208e-01
1.646539999999997381e-02
3.089560000000000917e-02
1.666335000000002467e-02
2.606684999999999558e-02
4.103934999999998834e-02
3.049270000000001840e-02
3.705360000000001292e-02
5.286624999999998270e-02
