FramewiseDisplacement
5.704028999999998656e-02
8.227198000000002232e-02
4.132884999999998643e-02
2.411052999999999807e-02
4.529901000000000066e-02
1.350518999999999678e-02
3.215045000000001790e-02
5.766080999999999290e-02
8.600495999999999142e-02
2.789611999999996178e-02
3.220469000000000109e-02
1.792834999999999568e-02
4.075713000000000252e-02
3.089675000000001448e-02
8.621924000000000254e-02
3.915037999999999158e-02
3.162417000000000700e-02
3.805768999999999125e-02
3.409821000000000379e-02
1.341409999999999998e-02
4.600114999999999066e-02
9.182615000000002303e-02
8.948399999999998022e-02
8.920830999999999900e-02
2.983211000000000543e-02
2.316934999999999134e-02
6.089975499999999986e-02
5.084255499999999761e-02
6.790975500000000220e-02
8.549835500000002586e-02
1.504448000000000174e-01
1.003560500000000300e-01
5.403760000000000507e-02
3.277085000000000414e-02
2.952989999999999435e-02
9.858045000000000002e-02
3.383739999999999665e-02
3.533175000000000898e-02
1.612991500000000022e-01
5.957330499999999307e-02
1.021299550000000222e-01
6.858460500000000681e-02
3.678538000000000641e-02
2.461113000000000189e-02
4.808381499999999503e-02
1.264440400000000075e-01
5.315888499999999600e-02
8.457918500000000117e-02
2.417209499999999761e-02
4.471931900000000043e-02
1.090865810000000019e-01
3.051729499999999637e-02
1.026505550000000044e-01
4.146506949999999581e-01
2.328817099999999640e-01
1.239483000000000112e-01
3.506211599999999873e-01
4.043856799999999696e-01
2.929102499999999276e-01
1.972410999999999748e-01
2.987312000000000300e-01
3.176520000000004201e-02
6.911317999999996853e-02
4.191928200000000215e-01
6.878676999999999708e-01
6.296865900000000460e-01
3.581382100000000124e-01
7.155625000000005731e-02
2.295019499999999268e-01
1.853403999999999885e-01
1.615967999999999294e-01
2.028765000000000152e-01
3.016413499999999193e-01
5.854300500000000351e-01
4.022966999999999516e-01
1.578957500000000014e-01
2.400097499999999662e-01
1.030781000000000197e-01
3.084131999999999429e-01
1.257947000000000093e-01
1.131904999999999994e-01
1.579760999999999804e-01
3.099404999999999522e-01
1.280116000000000032e-01
8.159919999999998286e-02
7.512490000000000834e-02
3.505759999999999432e-02
1.781103999999999743e-01
3.557569999999999899e-01
7.706589999999993723e-02
4.396242600000000444e-01
4.613628600000000413e-01
4.702880000000000948e-01
3.498534500000001213e-01
3.039030000000000342e-01
2.632223500000000493e-01
1.588986000000000565e-01
1.722844000000000320e-01
1.879370999999999681e-01
