FramewiseDisplacement
1.889639500000000749e-01
1.931253000000000275e-01
7.713010000000003474e-02
7.931264999999998455e-02
1.275774500000000089e-01
1.809177000000000424e-01
6.514650000000013486e-02
1.578134000000000203e-01
1.424630500000000355e-01
7.516195000000015780e-02
1.089979500000000934e-01
9.307475000000012266e-02
1.245991500000000751e-01
1.967911349999999615e+00
4.745417000000000107e-01
1.702909000000000228e-01
9.786224999999998397e-02
4.358120000000000049e-02
4.421394999999999492e-02
6.389915000000000178e-02
4.424255000000006099e-02
2.795975000000002278e-02
3.845584999999999282e-02
4.684609999999998081e-02
2.180284999999995352e-02
2.593295000000001016e-02
6.604544999999999166e-02
7.902166499999999649e-01
3.569544500000000342e-01
2.554741000000000373e-01
1.509727500000000167e-01
1.679392699999998906e-01
6.606037000000006265e-02
8.712525999999995441e-02
4.588869799999994309e-02
3.483186200000006061e-02
1.087233200000000122e-01
6.427999000000002294e-02
9.297638999999996434e-02
1.434185800000000455e-01
6.182171999999997586e-02
1.255772199999999894e-01
5.854929999999995693e-02
9.690289999999999182e-01
2.059996949999999938e+00
1.060944295000000093e+00
2.616330049999999741e-01
1.027469339999999981e-01
6.207626100000000757e-02
5.539951199999999798e-02
1.334533629999999915e-01
8.522172999999999554e-02
5.557990000000000846e-02
1.111539800000000133e-01
7.638574999999998838e-02
5.972559499999999799e-01
1.396344199999999924e+00
4.889520000000001643e-01
1.622324610000000167e+00
2.190569099999999658e-01
2.617810000000000414e-01
1.261221499999999607e-01
1.170624000000000664e-01
6.008192499999999159e-01
8.899475000000001135e-02
2.130481999999998821e-01
4.728426500000001420e-01
1.790397999999998047e-01
2.403695500000000707e-01
5.028069000000000566e-01
1.228214999999999307e-01
1.407797000000000076e-01
1.166289499999999674e-01
8.066514999999989388e-02
5.963284999999984154e-02
5.590609999999998636e-02
5.862819999999988041e-02
6.633984999999989474e-02
1.157966500000000565e-01
1.311446499999997795e-01
4.187860000000002275e-02
1.143081000000000652e-01
6.610029999999984807e-02
5.457679999999996701e-02
5.418529999999999874e-02
8.140299999999986436e-02
2.239200000000033525e-02
3.079229999999988365e-02
3.982360000000022965e-02
8.567759999999990939e-02
7.996845000000005199e-02
1.017699499999998314e-01
2.895338500000002591e-01
3.710413499999996589e-01
9.082805000000003792e-01
2.402299499999995813e-01
1.124005499999996965e-01
3.042301499999999215e-01
2.465465499999997534e-01
