FramewiseDisplacement
6.431299999999999517e-02
8.707630000000002313e-02
1.114266000000000423e-01
1.920385500000000023e-01
1.835219099999999826e-01
7.745739150000001405e-02
1.566328265000000441e-01
1.174107050000000319e-01
1.005732700000000063e-01
1.237234499999999987e-01
1.723262499999999864e-01
1.237245999999999901e-01
9.722139999999998561e-02
8.461199999999999277e-02
1.634299999999999919e-01
8.177269999999998984e-02
6.083784999999999193e-02
1.089851000000000014e-01
7.623530000000000584e-02
1.134112999999999788e-01
1.115443499999999866e-01
8.954699999999998772e-02
4.816255000000000536e-02
7.690550000000001551e-02
3.605231099999999245e-01
1.274591949999999974e-01
1.642182349999999902e-01
8.224787999999999544e-02
4.576535000000000325e-02
4.019980000000000081e-02
7.584750000000001213e-02
5.794520000000000226e-02
6.819499999999999174e-02
8.260041950000000799e-02
5.918751950000001455e-02
5.258996950000000004e-02
4.598916999999999589e-02
2.303467449999999431e-02
2.654214499999999616e-02
6.419049499999998631e-02
4.923151499999998959e-02
3.161570000000000352e-02
7.593174999999999231e-02
5.521829999999999100e-02
1.370390000000000150e-02
6.024724950000000245e-02
8.566508000000000456e-02
5.460251300000000529e-02
3.785037699999999755e-02
9.838743650000000840e-02
9.241212999999999511e-02
7.728332840000000370e-02
1.904138826000000284e-01
2.279199150000000285e-01
7.025878500000000415e-02
1.443557450000000075e-01
1.004628049999999884e-01
1.796252200000000021e-01
8.185694499999998652e-02
1.219697699999999774e-01
1.588710150000000043e-01
7.299918999999999158e-02
5.711203000000000113e-02
5.805024999999999769e-02
1.139652600000000127e-01
7.559649000000001617e-02
4.832945000000000990e-02
9.958275000000001154e-02
7.114350000000001228e-02
8.403844999999998677e-02
1.651582000000000050e-01
6.766560000000002018e-02
1.409187500000000093e-01
2.803582000000001129e-01
1.268757600000000041e-01
8.729312000000001570e-02
5.340905999999999432e-02
4.471036999999999234e-02
5.293075000000000557e-02
7.052203499999999681e-02
5.617854499999999640e-02
4.372938999999999993e-02
3.683594000000000451e-02
8.502416999999999614e-02
5.685752000000000167e-02
1.212240589999999951e-01
1.005771290000000151e-01
3.891449399999999947e-01
1.376136649999999961e-01
4.922914500000001581e-02
9.857195500000000277e-02
6.322240500000002317e-02
8.852218500000003099e-02
9.386251500000000747e-02
1.781479700000000166e-01
9.261816999999999966e-02
7.682536999999999006e-02
6.864643999999998913e-02
6.003470999999998420e-02
