FramewiseDisplacement
5.906240000000001489e-02
6.541325000000001999e-02
2.804275000000001905e-02
3.736439999999997819e-02
1.337673999999999808e-01
4.227664999999999895e-02
3.022505000000000330e-02
4.593185000000001017e-02
2.102555000000000396e-02
4.817280000000000173e-02
2.544275000000001397e-02
5.863395000000001800e-02
2.225945000000000007e-02
4.628099999999998881e-02
6.436495000000000410e-02
5.167599999999999971e-02
5.899841999999999587e-02
3.902756999999999060e-02
1.954034999999999800e-02
3.443642000000000924e-02
4.270982000000000944e-02
3.676725000000000132e-02
3.714924000000000698e-02
2.312676999999999788e-02
3.082103500000000704e-02
4.437658499999999617e-02
3.854629849999999247e-02
5.779630150000000105e-02
4.627442999999999140e-02
1.940908000000000216e-02
5.590991499999999753e-02
3.506714999999999138e-02
4.330951000000000939e-02
5.820210500000001091e-02
4.261573500000000875e-02
4.105290500000000065e-02
4.042040499999999953e-02
7.183798499999999310e-02
3.196577999999999919e-02
4.879827999999999943e-02
2.172578000000000356e-02
2.403998999999999026e-02
3.317097000000000101e-02
2.652534999999999962e-02
2.830400999999999750e-02
2.945936400000000524e-02
6.530600899999999820e-02
6.812497299999999145e-02
5.483566499999999871e-02
2.906460650000000298e-02
3.743361150000000526e-02
3.035386999999999807e-02
3.973810999999999316e-02
5.360191499999999998e-02
3.195703000000000432e-02
3.494564999999999477e-02
4.060495499999999813e-02
4.473027499999999990e-02
2.357515999999999778e-02
6.045618500000000256e-02
3.553118499999999291e-02
5.559823500000000973e-02
2.657689099999999832e-02
2.649082100000000120e-02
1.957689999999999778e-02
3.126418499999999989e-02
2.365901499999999852e-02
3.626238499999999421e-02
3.372675499999999715e-02
5.193011999999999628e-02
2.387414999999999676e-02
3.988719999999999766e-02
3.477988999999998693e-02
2.839113999999999527e-02
4.079184999999999756e-02
6.166035000000000960e-02
4.024880000000000818e-02
2.401164999999999203e-02
3.023714999999999736e-02
1.193355000000000110e-02
2.807995000000000282e-02
2.106519999999999920e-02
3.388675000000000714e-02
4.643760999999999722e-02
3.956396000000000218e-02
2.532470000000000207e-02
2.885030000000000927e-02
4.042089999999999572e-02
4.015230000000000188e-02
3.209810000000001134e-02
2.652640000000000553e-02
1.950155000000000638e-02
2.167329999999999951e-02
4.463704999999999756e-02
4.074279049999999375e-02
8.321304050000000174e-02
2.300808000000000367e-02
3.702564450000001006e-02
4.329552050000000374e-02
