FramewiseDisplacement
3.391600000000001558e-02
2.711079000000000128e-01
1.806511254999999816e-01
1.494346534999999865e-01
3.405572999999999934e-02
1.677428000000000946e-02
4.366265000000000424e-02
5.343469999999999470e-02
3.091634999999999175e-02
1.616920000000000163e-02
5.037416999999998896e-02
3.573476000000000430e-02
3.691810000000000230e-02
1.551751399999999614e-02
1.895370899999999914e-02
2.625739499999999588e-02
1.711533000000000498e-02
3.743211499999998110e-02
2.905753500000000239e-02
5.377879199999997806e-02
2.940470200000000825e-02
3.142259999999999498e-02
1.686198999999999337e-02
2.550159999999999233e-02
3.215718000000000049e-02
7.939005000000001755e-02
1.037780449999999993e-01
3.603922500000000112e-02
8.816741000000001549e-02
7.551302000000000014e-02
3.785788999999999821e-02
8.882896999999999321e-02
7.791033999999999460e-02
1.741844000000000031e-02
3.125177000000000510e-02
1.862141099999999744e-02
2.940475200000000275e-02
2.859943599999999891e-02
2.755990199999999724e-02
1.993522500000000433e-02
4.173972999999998879e-02
7.779932500000000251e-02
1.380035000000000463e-02
3.459557000000000604e-02
9.499344360000000487e-02
3.378059569999999900e-02
3.291806604999999997e-02
3.819898004999999763e-02
6.782367600000000288e-03
9.823536000000000767e-03
4.555065157999999698e-02
5.158005501999999437e-02
5.045902150000000641e-02
1.388955949999999828e-01
6.045164100000000040e-02
8.420497600000001470e-02
7.595563999999999094e-02
6.569264100000000994e-02
5.218336900000000028e-02
2.341960000000000916e-02
4.529719999999999580e-02
2.003680999999999518e-02
2.252822000000001545e-02
3.521788999999998782e-02
6.502195999999998977e-02
5.442233000000000487e-02
9.361827000000001731e-02
4.428869999999998641e-02
2.616239999999999191e-02
5.115844399999999736e-02
3.132826399999999456e-02
1.035863200000000095e-01
3.108390000000002193e-02
2.356460000000001193e-02
4.430533999999999861e-01
1.349689000000000305e-01
6.071650000000000658e-02
1.167269999999999697e-01
1.010187499999999905e-01
1.062832749999999882e+00
1.655336999999999781e-01
1.338035000000000752e-01
1.530652999999999875e-01
1.132149000000000211e-01
5.897640000000008847e-02
5.603609999999996372e-02
3.152650000000002672e-02
3.892430000000005746e-02
6.929340000000003275e-02
8.021039999999994563e-02
9.289770000000002748e-02
3.814950000000000285e-02
4.198250000000001980e-02
5.569990000000002439e-02
4.831610000000001459e-02
9.427589999999996806e-02
6.408350000000001545e-02
9.745070000000002897e-02
7.480930000000005076e-02
