FramewiseDisplacement
4.800277999999999490e-02
4.220814999999999984e-02
4.108799999999998565e-02
3.291414000000000145e-02
2.570706000000000727e-02
9.780750000000008187e-03
7.873999999999997321e-03
2.358905000000000030e-02
1.778795000000000376e-02
2.294774999999999593e-02
3.691094999999999793e-02
2.565969999999999362e-02
2.371070000000000469e-02
4.817915000000000392e-02
2.252633999999999193e-02
4.164088999999998597e-02
7.870570000000002078e-03
3.268376899999999446e-02
2.616200899999999649e-02
1.070047999999999486e-02
7.448300000000004917e-03
1.975475999999999621e-02
1.862830000000000041e-02
2.390420000000000392e-02
1.413239999999999982e-02
3.680389000000000577e-02
1.205553999999999654e-02
5.945809999999999984e-02
6.103414999999999535e-02
1.757774999999999616e-02
1.739934999999999746e-02
3.293135000000000506e-02
4.475763500000000394e-02
3.296417000000000097e-02
3.098523000000000249e-02
3.901675500000000019e-02
5.187860000000000388e-02
1.605816000000000535e-02
1.568414999999999393e-02
1.429749999999999771e-02
3.500041500000000000e-02
2.155253000000000377e-02
1.582128500000000090e-02
3.339511000000000562e-02
1.529084499999999909e-02
3.639667259999999210e-02
2.642688240000000410e-02
1.414935500000000061e-02
1.579272500000000051e-02
3.804084999999999411e-02
2.751109499999999583e-02
1.732624500000000053e-02
1.332933600000000066e-02
3.630383100000000168e-02
2.546183999999999947e-02
3.553173000000000442e-02
1.033241500000000035e-01
5.916761499999999979e-02
1.861642000000000158e-02
2.762908000000000031e-02
3.191377000000000103e-02
1.959287499999999571e-02
2.685147499999999965e-02
4.503208999999999684e-02
7.127680000000000127e-02
3.675536000000000081e-02
5.639682499999999071e-02
4.062645999999999619e-02
1.863188249999999865e-02
2.790680249999999765e-02
2.129678499999999169e-02
2.665043500000000704e-02
2.414209999999999620e-02
1.684905950000000624e-02
2.955401050000000529e-02
3.628240499999999674e-02
1.042285000000000954e-02
1.498934999999999851e-02
3.341550000000000770e-02
1.522233499999999656e-02
2.463168499999999345e-02
4.687545000000000600e-02
3.104093499999999520e-02
1.843218499999998983e-02
1.413370000000000772e-02
2.907415000000000693e-02
4.219749999999997808e-03
3.177250000000000907e-02
1.280983499999999164e-02
9.984735000000001526e-03
1.222270000000000301e-02
4.941100000000003822e-03
1.914889999999999995e-02
1.242189999999999787e-02
2.910700000000000440e-02
2.201353500000000074e-02
2.442473499999999950e-02
2.310528500000000318e-02
2.424340000000000522e-02
