FramewiseDisplacement
3.648275000000000129e-02
2.973514999999999492e-02
1.867334999999999134e-02
3.134214999999999224e-02
2.489240000000000202e-02
2.952269999999997813e-02
2.545970000000001912e-02
2.302500000000001074e-02
3.765709999999998503e-02
2.930445000000000966e-02
2.907240000000000518e-02
3.466010000000000618e-02
4.716485000000000816e-02
4.158620000000000372e-02
2.515475000000000350e-02
4.794514999999999888e-02
2.981025000000000688e-02
3.814725000000000060e-02
1.658729999999998192e-02
1.358644999999999645e-02
1.779419999999998919e-02
2.606820000000001011e-02
3.465354999999999130e-02
2.613000000000000739e-02
3.299739999999999618e-02
4.463135000000001407e-02
4.875514999999999710e-02
2.404125000000000012e-02
6.960899999999997645e-02
4.374399999999999122e-02
4.907790000000000069e-02
2.934665000000000190e-02
2.757460000000000119e-02
2.482679999999999956e-02
3.772880000000000678e-02
6.185380000000000045e-02
2.889685000000000517e-02
1.921504999999999741e-02
3.727789999999999576e-02
5.010400000000000270e-02
1.546505499999999977e-01
8.164514999999999967e-02
1.082275500000000057e-01
5.222124999999999684e-02
4.013860000000000344e-02
1.761990000000000431e-02
7.827292850000000524e-02
4.073770349999999291e-02
5.992390999999999690e-02
2.636318300000000184e-02
6.891663900000000176e-02
2.106483599999999998e-02
8.671764500000000986e-02
6.138723000000000096e-02
3.404381499999999811e-02
6.878792000000000240e-02
4.493314499999999378e-02
4.260164000000000312e-02
4.050817000000000306e-02
5.520946000000000187e-02
8.792167000000000732e-02
5.283554900000000248e-02
6.258110900000000976e-02
5.225740499999999289e-02
4.885209000000000079e-02
5.738316499999999987e-02
6.722725000000000228e-02
5.678223000000000992e-02
6.838408999999999460e-02
6.803770999999998736e-02
3.652806999999999582e-02
2.928224999999999578e-02
5.056974999999999665e-02
2.037590000000000581e-02
5.010179999999999495e-02
1.367812000000000194e-01
6.450945000000000984e-02
9.432828999999999520e-02
4.101454099999999325e-01
4.395096499999999740e-01
1.438462500000000088e-01
7.618160000000002985e-02
1.414827499999999627e-01
8.387169999999999348e-02
1.108165499999999998e-01
1.995560000000000112e-01
1.080483849999999968e-01
7.682023500000000060e-02
3.159108000000000471e-01
3.687888999999999751e-01
1.861463999999999896e-01
1.240058500000000008e-01
1.637974500000000111e-01
1.675505499999999925e-01
7.470859999999998613e-02
1.188373999999999819e-01
1.826405500000000126e-01
7.967679999999997820e-02
9.501505500000001492e-02
