FramewiseDisplacement
4.033402999999998600e-02
2.974486299999998945e-02
3.954739300000001401e-02
4.315006000000000397e-02
2.525740000000000970e-02
2.515465000000001450e-02
1.820500000000002672e-02
3.141700000000000742e-02
2.083039999999997810e-02
6.167639999999999928e-02
6.377094999999999292e-02
2.393105000000002314e-02
3.487629999999999897e-02
2.193530000000001867e-02
3.022709999999999633e-02
5.430395000000003136e-02
3.510334999999997763e-02
1.756190000000000875e-02
1.478149999999999603e-02
8.624149999999981484e-03
3.442141999999998037e-02
1.015887800000000174e-01
1.946807599999999805e-01
6.038806999999998121e-02
3.595502500000000157e-02
7.168731500000000145e-02
5.103644999999999710e-02
6.087968000000001240e-02
3.178460000000002394e-02
3.404510000000001563e-02
1.341680000000001170e-02
4.418089999999999518e-02
6.931690500000001198e-02
3.308699150000000283e-02
4.137263650000001791e-02
5.856188500000000102e-02
2.105522000000000990e-02
4.628669999999998619e-02
9.238349999999999340e-03
4.377967500000001094e-02
3.586589499999999486e-02
3.668045000000002415e-02
1.947876999999998901e-02
4.091890000000000804e-02
4.694468499999999989e-02
7.782831999999999251e-02
5.713858000000000131e-02
3.589107499999998757e-02
4.564319000000000709e-02
7.103107499999999908e-02
5.605625850000001131e-02
4.238359150000000491e-02
2.747477400000000389e-02
4.304505399999999926e-02
5.459972000000000436e-02
1.345966700000000016e-01
3.597584999999999672e-02
4.188404999999999906e-02
2.000846000000000222e-02
8.633236999999999162e-02
5.112174999999999359e-02
3.228877499999998485e-02
2.849501999999999591e-02
2.925727499999999578e-02
5.200308999999998794e-02
6.397703999999999891e-02
1.563728499999999383e-02
2.347991499999999704e-02
5.173855850000000367e-02
4.774595850000000474e-02
2.761122999999997968e-02
5.716600000000000154e-02
3.495151000000001895e-02
2.961700999999999570e-02
1.002746999999999319e-02
5.099833999999997536e-02
5.177263000000000004e-02
2.768347000000000169e-02
1.766034000000000007e-02
4.230336999999999292e-02
4.931104999999998822e-02
4.386989049999999446e-02
1.718496055000000022e-01
5.538699499999999443e-02
4.218845000000003009e-02
4.877384999999999360e-02
3.063344999999999957e-02
3.804825000000001956e-02
3.547234999999999278e-02
2.492275000000003168e-02
6.777465000000000572e-02
6.246504999999998725e-02
9.666505000000004399e-02
4.688598999999998851e-02
7.889468500000006157e-02
9.162322499999996095e-02
7.760728500000003971e-02
3.940011500000002720e-02
3.634791300000006498e-02
