FramewiseDisplacement
5.327578999999998954e-02
6.351070000000000326e-02
5.507933999999999747e-02
2.693184000000001591e-02
3.297100000000001419e-02
3.856095500000000231e-01
4.172877699999999468e-01
5.688606699999999572e-01
8.072644999999997739e-02
2.213313500000000100e-01
2.879048000000000718e-01
7.297536499999999204e-01
3.349961599999999873e-01
2.122076900000000321e-01
1.745995999999999937e-01
2.145499500000000170e-01
7.528509999999999369e-02
2.523210500000000467e-01
1.166573969999999960e-01
5.087119300000000899e-02
2.540042000000001382e-02
1.128833899999999862e-01
1.153097000000000011e-01
8.615290000000000448e-02
3.009452049999999934e-01
8.741835550000001676e-02
3.606733949999999661e-02
1.770065999999998613e-02
3.737317999999997808e-02
3.043285000000001475e-02
7.053873999999998867e-02
7.097340999999998679e-02
1.191369400000000106e-01
5.708913000000000182e-02
8.595598000000000127e-02
4.713140000000000385e-02
6.517912499999999054e-02
3.729333500000001078e-02
3.287068999999999408e-02
6.960410999999998294e-02
1.832116999999999774e-02
4.909191000000000249e-02
3.553362999999999661e-02
6.602490249999999616e-02
9.184644749999999747e-02
1.100237899999999963e-01
9.030374499999999083e-02
1.832762500000000017e-02
4.045599454999999900e-02
2.659715455000000173e-02
4.712014454999999963e-02
7.841766544999999311e-02
4.815624999999999767e-02
3.736702000000000079e-02
1.228309999999999957e-01
4.678814599999999713e-01
2.114163830000000133e-01
2.516358520000000487e-01
5.019699349999999782e-01
3.251795299999999944e-01
4.870860300000000587e-01
1.610034099999999857e-01
1.124009599999999942e-01
3.402642999999999640e-02
6.536337000000001785e-02
5.387742000000000225e-02
5.424730999999999304e-02
2.783797020000001662e-02
7.008584019999999914e-02
1.024591750000000134e-01
7.803323499999997859e-02
3.264339999999999603e-02
3.830978000000000161e-02
3.374128000000001237e-02
7.581525000000000070e-02
4.080789499999999681e-02
9.020812000000000275e-02
3.183128499999999389e-02
1.156210800000000011e-01
3.330534499999999315e-02
8.803365499999998844e-02
9.704134500000000108e-02
4.304517000000000065e-02
5.830033199999999638e-02
9.539795199999999420e-02
3.032632499999999773e-02
5.081052500000001609e-02
4.387585799999999675e-02
6.335080299999999720e-02
3.609981500000000038e-02
2.888509499999998911e-02
6.342373999999997847e-02
7.029646000000000505e-02
1.056280799999999992e-01
4.561676500000001050e-02
9.432223499999999039e-02
7.921954999999999969e-02
9.269048000000000564e-02
1.087973950000000051e-01
