FramewiseDisplacement
5.521058000000000909e-02
1.223052399999999679e-01
7.712177999999998701e-02
6.004971999999998700e-02
7.569183999999999635e-02
5.234228999999999271e-02
5.258890999999999566e-02
4.047625000000000528e-02
9.742767000000000788e-02
7.509436000000001277e-02
6.719880000000000297e-02
1.483507000000000020e-01
9.627243000000000606e-02
1.320565499999999948e-01
1.385517299999999841e-01
7.296157999999999810e-02
1.369233364999999925e-01
9.116490649999998974e-02
7.801777999999999491e-02
7.656135999999998110e-02
1.061075199999999968e-01
9.854028999999998872e-02
2.308027899999999522e-01
1.954940399999999801e-01
1.666573500000000096e-01
1.644077200000000072e-01
6.347877000000000380e-02
8.137990999999999975e-02
9.904092999999999924e-02
8.353321999999999137e-02
8.403574999999999240e-02
8.790515000000000134e-02
8.430717999999999546e-02
7.779194000000000386e-02
1.224116050000000067e-01
1.398996550000000116e-01
1.181286500000000017e-01
6.923595000000000443e-02
4.364254999999999524e-02
1.140761599999999959e-01
1.052162100000000045e-01
8.801991000000000676e-02
1.101010099999999992e-01
1.295919899999999902e-01
1.261394999999999877e-01
1.464573200000000019e-01
8.609032999999999269e-02
3.592469999999998997e-02
1.489382999999999679e-01
9.362844120000000936e-02
1.732282991999999633e-01
2.745886699999999792e-01
2.070275500000000046e-01
1.145677749999999967e-01
1.761311850000000234e-01
1.612641200000000108e-01
8.332553449999999251e-02
4.703908450000000158e-02
1.088337600000000016e-01
7.754443999999999226e-02
9.052659000000000400e-02
6.322344000000000575e-02
4.347041999999999573e-02
3.388999999999999652e-02
1.444833000000000089e-01
1.514872000000000163e-01
6.276439999999999797e-02
9.685054999999999359e-02
9.613733000000000695e-02
2.133419000000000010e-01
1.389763199999999865e-01
1.674498449999999861e-01
1.764240450000000016e-01
8.098812500000000802e-02
2.850514999999999646e-02
3.596770449999999730e-01
3.275501549999999540e-01
2.537478149999999877e-01
8.141180999999998724e-02
1.227382548499999920e-01
4.351284748500000021e-01
9.771733000000000502e-02
1.018065849999999772e-01
1.115411749999999785e-01
7.633246449999998851e-02
8.453665550000000195e-02
3.969785109999998673e-02
1.384955743999999600e-01
2.395578054999999706e-01
1.406978899999999921e-01
9.267740000000000700e-02
6.433579999999999854e-02
1.248858500000000205e-01
1.589240000000000097e-02
4.986404999999998616e-02
1.149506000000000000e-01
1.257499499999999992e-01
1.512560000000000293e-01
2.326270000000000282e-01
