FramewiseDisplacement
3.256224999999998704e-02
2.897375000000002032e-02
2.692905000000000992e-02
2.633260000000000114e-02
6.633804999999998175e-02
3.019785200000000072e-02
5.409894200000001790e-02
7.916461000000001025e-02
7.088770999999999267e-02
1.980981000000000408e-02
4.618089999999999695e-02
3.469409000000001769e-02
4.287550000000000389e-02
3.322733999999999410e-02
4.929115000000001967e-02
5.547107999999999900e-02
3.447396600000000172e-02
4.107278400000000801e-02
3.937728999999998841e-02
3.357649999999999524e-02
2.192461000000001450e-02
3.211265000000001341e-02
6.222654999999999159e-02
6.284085000000000365e-02
1.352484000000000186e-01
4.890369999999998052e-02
2.364937099999999681e-01
7.167171000000001346e-02
4.740062999999998528e-02
4.659813000000000843e-02
4.181358000000000297e-02
4.254939999999999417e-02
2.253703499999999693e-02
2.679358499999998783e-02
5.442256000000000177e-02
1.061308000000000390e-02
3.218008999999999453e-02
1.384220999999998848e-02
5.614444999999998465e-02
9.637410999999998507e-02
1.043378799999999940e-01
1.752992500000000176e-02
1.909037499999999971e-02
3.607217000000000062e-02
6.752988000000000046e-02
9.781145000000000811e-02
7.525267000000000761e-02
1.163211670000000031e-01
1.747592360000000122e-01
5.486402400000001123e-02
5.059633699999999817e-02
3.559164000000000772e-02
6.054711499999999857e-02
4.655813000000000312e-02
7.821282699999999866e-02
2.259330399999999461e-02
9.148527600000000426e-02
6.756663000000000252e-02
9.755280299999999349e-02
1.021022820000000025e-01
2.468438499999999272e-02
1.153540349999999937e-01
8.085019499999999970e-02
4.877705599999999919e-02
7.453076999999999619e-02
4.122640899999999858e-02
4.417734499999999981e-02
3.375294100000000158e-02
1.220265590000000067e-01
7.316689029999999538e-02
5.831475030000000254e-02
2.334617599999999973e-02
5.917596399999999757e-02
3.729701710000001003e-02
3.351802789999999699e-02
4.415228499999999945e-02
6.655550000000000355e-02
4.650756500000000071e-02
6.991706999999999783e-02
1.719779999999999920e-01
5.906573349999999500e-02
6.269741649999999167e-02
1.887097850000000326e-02
4.202269368499999408e-02
1.375353671850000070e-01
7.600379999999999636e-02
6.851408999999999971e-02
1.139417600000000030e-01
8.117762550000000299e-02
1.349731888000000046e-01
1.043762867000000011e-01
8.639625500000000513e-02
1.266702849999999936e-01
7.319541000000001629e-02
4.124441000000000218e-02
4.290037999999998797e-02
2.473978499999998637e-02
5.861722499999999503e-02
1.094458699999999729e-01
