FramewiseDisplacement
3.557200000000000639e-02
4.490140000000002185e-02
1.894539999999996643e-02
1.578300000000000536e-02
4.982090000000000130e-02
2.475849999999999926e-02
7.935100000000007425e-03
1.613960000000000394e-02
3.476990000000000636e-02
2.268609999999999030e-02
2.161520000000000802e-02
1.837099999999996722e-02
1.055782000000000109e-01
6.061239999999998296e-02
3.380550000000000221e-02
1.840860000000001107e-02
1.678820000000000312e-02
2.876629999999998077e-02
6.222879999999995915e-02
6.016629999999998507e-02
2.674509999999999735e-02
4.670421000000000294e-02
7.361289000000000027e-02
3.697589999999999905e-02
5.025334999999998831e-02
4.398640000000002964e-02
3.416019999999998780e-02
4.539440000000000836e-02
2.589190000000000241e-02
7.108339999999999104e-02
1.431221799999999877e-01
1.442172799999999755e-01
4.442104999999998971e-02
2.361189999999999123e-02
4.884315000000000184e-02
5.563217000000000162e-02
2.577398500000000273e-02
4.564260500000000276e-02
1.388735000000000316e-02
4.455900499999999875e-02
4.857356499999999216e-02
1.280488499999999918e-01
1.086508100000000143e-01
7.147068000000000865e-02
5.693303999999999726e-02
2.035422970000000040e-02
4.441683101999999855e-02
4.848847131999999699e-02
2.584905149999999763e-02
6.072865149999999435e-02
4.897788649999999799e-02
3.638666150000000044e-02
3.233356999999999898e-02
3.207908000000000287e-02
1.344441999999999859e-02
1.316390999999999915e-02
3.604082699999999750e-02
4.914841999999999822e-02
2.799704000000000081e-02
7.441247999999998919e-02
2.247798500000000588e-02
2.472991999999999552e-02
3.782917499999999267e-02
4.525550999999999879e-02
3.003820500000000532e-02
2.072067999999999827e-02
4.014259499999999620e-02
9.344792999999999850e-02
4.968094999999999456e-02
6.488660000000000261e-02
2.656975000000000656e-02
4.267571499999999601e-02
3.475981000000000209e-02
3.808397999999998951e-02
1.650137000000001172e-02
2.846357499999999791e-02
4.045172999999999824e-02
3.305850300000000297e-02
1.902128479999999899e-01
1.719875849999999706e-01
3.855086499999996891e-02
2.998810499999997672e-02
2.994117999999998392e-02
3.429097499999997356e-02
6.341196500000000069e-02
2.845325000000001672e-02
5.262359000000001175e-02
1.278405600000000197e-01
5.008735999999996275e-02
4.206074999999999398e-02
3.218896000000001645e-02
5.021110899999998989e-02
2.125896100000001024e-02
1.692282000000000161e-02
4.506595000000000045e-02
2.330794999999999742e-02
3.569154999999997468e-02
3.986530000000000629e-02
5.143504999999998911e-02
