FramewiseDisplacement
3.717588500000001961e-02
9.980148999999999271e-02
9.947130999999999335e-02
9.027885999999997468e-02
1.121127600000000057e-01
4.452673500000000478e-02
3.209763499999998548e-02
5.449342000000001462e-02
4.192146999999998846e-02
3.880789999999999240e-02
3.367305000000000992e-02
3.746949999999998893e-02
2.832465000000001024e-02
1.575441999999999676e-01
1.573956500000000258e-01
1.973141370000000006e-01
5.846276300000000092e-02
3.540742000000000889e-02
6.559689000000001879e-02
5.654810999999998478e-02
4.346614500000000464e-02
6.408239500000000033e-02
4.849537000000000292e-02
5.886655000000000360e-02
3.670316999999999330e-02
7.549033499999992930e-03
5.148225350000000533e-02
3.042187999999998796e-02
4.283698499999999409e-02
3.499855500000000064e-02
6.688501189999999930e-02
5.879841189999999995e-02
2.105697000000000818e-02
3.799562000000000078e-02
1.782134999999999622e-02
3.411420000000000424e-02
3.535564999999999541e-02
4.620180000000000120e-02
6.102994999999999948e-02
2.409485000000000446e-02
5.382941999999999588e-02
8.119576000000000571e-02
4.552139000000000185e-02
7.458606799999999148e-02
1.069981180000000032e-01
1.779869000000000034e-01
1.620956600000000025e-01
5.549916900000000097e-02
7.766410400000001157e-02
5.446380464000000199e-02
5.530637236000000151e-02
6.374592000000000973e-03
1.835991199999999768e-01
1.863794999999999757e-01
2.119681550000000192e-01
8.535737499999998534e-02
1.158539800000000092e-01
3.582312500000000011e-01
1.415987999999999969e-01
9.844038000000000788e-02
2.557037499999998548e-02
4.545820500000000847e-02
2.775748500000000188e-02
1.103078500000000649e-02
3.011640999999999624e-02
5.182755499999999738e-02
4.202174500000000618e-02
3.287055650000000884e-02
6.350791350000001279e-02
3.060413800000000295e-01
2.463110500000000314e-01
4.153584999999998528e-02
5.675315000000000221e-02
2.495615000000000194e-01
1.032715000000000161e-01
3.893936000000000619e-02
5.259241000000004079e-02
8.708127000000001616e-02
8.428458400000002348e-02
3.368392139999999979e-01
1.816644500000000051e-01
2.219546100000000244e-01
1.298199779999999748e-01
8.632509800000000288e-02
3.785393999999998871e-02
3.885844799999998295e-02
3.538608799999998916e-02
4.426839000000001162e-02
3.471545000000000186e-02
1.726584199999999791e-01
6.339765799999999007e-01
8.883558000000001398e-01
4.075448000000000404e-01
5.140204999999999913e-01
1.124886500000000233e-01
3.601456500000000394e-01
1.406498899999999885e+00
4.072470000000000812e-01
1.031679100000000071e+00
