FramewiseDisplacement
1.502830500000000014e-01
8.767075000000000562e-02
2.331303000000000195e-02
2.770696000000000617e-02
2.288764000000000076e-02
2.855836000000001526e-02
3.173091499999999843e-02
8.285509999999994199e-03
1.995394500000000765e-02
3.184151999999999816e-02
2.672704999999999526e-02
1.473179999999999802e-02
3.309175000000000311e-02
2.546484999999999027e-02
2.895040000000000807e-02
3.539350000000002217e-02
2.818360000000001350e-02
3.613159999999999983e-02
4.987969999999999904e-02
2.949950000000001182e-02
1.583934999999999510e-02
2.076790000000000580e-02
3.751415000000000305e-02
2.605564999999999964e-02
2.561779999999999266e-02
1.637979999999999645e-02
1.743664999999999798e-02
1.476988499999999475e-02
2.860729500000000133e-02
5.109839999999997440e-03
3.668248500000000079e-02
2.713368999999999157e-02
9.515504999999997021e-03
8.024284999999995588e-03
6.049599000000001857e-03
2.470511599999999919e-02
1.933989000000000194e-02
2.014703999999999801e-02
9.304205000000002890e-03
2.714939350000000057e-02
2.262001299999999784e-02
3.947883500000000725e-03
1.816134500000000235e-02
2.122104000000000004e-02
3.639702499999999952e-02
6.236600000000000130e-03
2.263917999999999486e-02
4.873666499999999846e-02
7.913561000000000900e-02
5.125268699999999816e-02
2.413131199999999851e-02
4.926209500000000574e-02
4.860524399999999884e-02
3.961442099999999689e-02
3.754302499999999376e-02
5.015623999999999777e-02
3.342625999999999931e-02
2.148895500000000749e-02
2.228785499999999531e-02
2.732328499999999230e-02
2.685783499999999657e-02
4.750120000000000731e-02
1.384595000000000790e-02
1.231004000000000473e-02
1.421782000000000254e-02
1.572782499999999389e-02
1.761464999999999559e-02
3.394649999999999751e-02
1.262251500000000255e-02
2.962593499999998520e-02
2.943677000000000099e-02
3.047870500000001218e-02
2.846368999999999982e-02
3.469934999999998299e-02
2.804886999999999658e-02
3.627818000000000015e-02
2.997223999999998681e-02
1.553439000000000209e-02
3.654262999999999262e-02
3.672222899999999512e-02
3.362044900000000364e-02
2.549914099999998907e-02
2.229565600000000744e-02
3.991152000000001282e-02
3.058246999999999702e-02
2.697382999999999378e-02
3.615097999999999923e-02
2.774110500000001242e-02
4.530719999999999886e-02
1.191059999999999688e-02
3.276388500000000648e-02
6.040532100000000487e-02
2.844611399999999457e-02
3.649629000000000068e-02
1.184329499999999674e-02
2.071419500000000469e-02
5.076215000000000588e-02
2.363429999999998310e-02
4.322855000000000447e-02
