FramewiseDisplacement
7.275774999999996828e-02
2.923905000000002335e-02
3.306840000000001861e-02
2.572239999999999943e-02
3.495159999999997158e-02
2.677539999999997700e-02
1.348639999999999735e-02
1.501319999999998697e-02
2.239774999999997671e-02
3.041654999999999359e-02
1.642183000000000115e-01
6.625754999999999839e-02
1.277539500000000050e-01
2.657921149999999400e-01
2.129204963499999603e-01
2.132084886499999998e-01
1.474051449999999874e-01
4.595775500000000985e-02
7.830951499999999621e-02
8.787968499999999905e-02
1.288785999999999821e-01
7.487260000000001137e-02
8.387479000000000462e-02
6.716277000000001052e-02
1.286554960000000081e-01
3.493596599999999192e-02
4.530945999999999585e-02
5.806491500000000860e-02
8.078054999999999264e-02
7.098951500000000303e-02
4.712236999999998982e-02
7.280519500000000310e-02
5.485641499999999171e-02
6.935212499999998670e-02
7.805050499999999225e-02
5.039897000000001515e-02
1.150711450000000136e-01
5.522718500000001196e-02
4.541354499999999961e-02
2.893356500000000137e-02
2.483865500000000115e-02
1.992174000000000375e-02
2.386085000000000289e-02
3.802909999999998930e-02
3.796748000000001178e-02
5.253936999999998803e-02
7.866475999999998636e-02
3.756661999999999502e-02
9.575635999999998482e-02
7.505765999999999827e-02
1.213814149999999925e-01
1.018284950000000050e-01
4.780527499999999430e-02
2.734826500000000354e-02
1.700311000000000183e-02
3.123586999999999891e-02
5.047384000000000592e-02
4.931093000000000282e-02
3.891359999999999264e-02
3.503063000000000704e-02
1.232183545000000019e-01
1.877336785000000008e-01
9.462977900000001108e-02
1.101631599999999961e-01
1.014981300000000058e-01
8.272426000000000779e-02
3.411559000000000119e-02
4.672540499999999764e-02
3.520095000000000168e-02
7.288564499999999891e-02
3.608004499999999809e-02
3.728193500000000216e-02
3.057017999999999888e-02
4.771098000000000006e-02
8.196369999999999698e-03
1.827855599999999789e-02
1.813342860000000112e-01
1.059942879999999921e-01
5.977199299999997467e-02
5.578649400000000591e-02
3.140305499999999916e-02
4.344568800000001008e-02
3.585119800000000773e-02
6.820582000000000034e-02
4.323919000000000373e-02
5.182557000000000136e-02
3.430258999999999392e-02
3.319058400000000075e-01
1.655967399999999923e-01
4.418955000000000105e-02
1.021151400000000070e-01
7.998169000000000806e-02
4.859693999999999819e-02
1.438472000000000015e-02
2.832731000000000138e-02
7.854124999999999301e-02
8.155806899999999693e-02
1.893358399999999289e-02
1.187834949999999890e-01
