FramewiseDisplacement
2.957545879999999572e-02
2.501388019000000060e-02
2.636093879000000681e-02
4.050037059999999633e-01
2.829406039999999845e-01
1.836313699999999882e-01
6.058822999999999986e-02
3.956291000000000668e-02
2.264676000000000883e-02
2.775149999999999839e-02
6.242850000000000482e-02
3.797289999999998306e-02
5.487684999999999091e-02
3.360604999999999148e-02
4.471315000000000012e-02
5.730284999999997464e-02
5.333084000000001129e-02
7.722199000000000424e-02
3.040379999999999819e-02
7.264009999999998524e-02
1.035244500000000040e-01
3.638362999999999320e-02
8.949383500000000768e-02
1.108025605000000219e-01
5.602135550000000852e-02
6.790160499999997601e-02
3.609007499999999230e-02
1.608229799999999765e-01
1.291735849999999797e-01
5.870487500000000358e-02
9.444494999999999973e-02
1.177967199999999937e-01
7.783363279999998274e-02
5.017653780000000396e-02
7.935045200000000187e-02
9.340238299999999161e-02
1.204946849999999903e-01
6.678628500000000079e-02
6.200986249999999173e-02
9.733436250000000733e-02
5.464759999999999757e-02
3.916497000000000034e-02
6.210250000000000492e-02
4.503310000000000646e-02
3.528483500000000050e-02
7.283810000000001672e-02
1.196943129999999966e-01
1.927614829999999835e-01
6.726888500000000048e-02
3.472979000000000344e-02
4.179250699999999957e-02
3.723762300000000441e-02
2.619281999999999860e-02
7.791787000000000019e-02
7.493104999999999905e-02
1.036545015000000097e-01
6.538250150000000926e-02
4.726951000000000069e-02
5.561236499999999694e-02
7.934188500000002864e-02
6.953471500000001082e-02
5.269265900000000280e-02
5.434991599999999118e-02
6.647907999999999595e-02
9.164759499999999837e-02
1.152744500000000005e-01
9.410330000000000084e-02
1.081514000000000086e-01
3.255829999999999835e-02
5.856752150000000406e-02
4.547953150000001027e-02
5.438073000000000212e-02
7.928204000000001195e-02
1.085331300000000054e-01
1.334700410000000115e-01
4.139943900000000315e-02
7.380856499999999265e-02
1.502347000000000578e-02
6.455914999999999571e-02
2.595399999999999791e-02
2.532825000000000701e-02
9.424807999999999797e-02
6.703497499999999665e-02
2.410201500000000788e-02
1.976910999999999946e-02
3.880614900000001199e-02
7.020270899999998815e-02
3.616582000000001518e-02
4.489330999999999183e-02
3.552709999999999896e-02
5.119926999999999812e-02
5.073108999999999952e-02
2.216493000000000282e-02
5.411502599999998969e-02
2.494627099999999209e-02
2.635966500000000434e-02
7.427881000000001455e-02
5.099575999999999415e-02
3.997406500000000307e-02
