FramewiseDisplacement
1.999405000000000487e-01
5.273299999999999654e-01
1.124760000000000343e-01
8.779949999999998866e-02
6.654199999999997617e-02
6.082950000000002244e-02
5.793600000000000139e-02
7.783899999999997765e-02
6.290650000000003184e-02
8.265659999999999674e-02
5.931100000000001649e-02
5.211660000000001292e-02
1.328890999999999822e-01
2.133749999999999536e-01
1.603992000000000473e-01
2.338777999999999968e-01
1.152238000000000151e-01
3.085433000000000203e-01
5.300830000000000125e-02
1.223516000000000187e-01
6.646360000000005319e-02
1.323244000000000087e-01
2.921543999999999808e-01
3.100323999999999858e-01
1.701313849999999961e-01
3.413962750000000268e-01
1.466909399999999919e-01
1.432661000000000073e-01
1.844485279000000200e-01
5.157790209999999625e-02
1.660907500000000370e-01
8.614669999999999273e-02
7.003319999999998990e-02
8.800030000000000352e-02
1.007577000000000056e-01
1.072356999999999894e-01
3.529819999999998792e-02
9.661559999999999593e-02
1.465626499999999888e-01
1.073167500000000163e-01
1.545712999999999948e-01
4.419919999999998711e-02
4.715924999999999978e-02
4.809114999999999918e-02
3.626644999999999869e-02
1.463554549999999954e-01
4.253536000000000816e-02
1.624467149999999915e-01
6.770723500000001838e-02
1.695792449999999896e-01
5.004733999999999572e-02
5.913669500000000995e-02
8.865789500000000045e-02
1.026466800000000040e-01
3.096689999999998819e-02
2.207472999999999380e-02
1.717466649999999928e-01
3.165028500000000022e-02
1.386886949999999730e-01
9.402913499999998592e-02
1.180573400000000106e-01
6.393538999999999473e-02
1.015414100000000125e-01
1.321185800000000132e-01
1.351444685000000034e-01
7.421470350000002048e-02
1.234856899999999952e-01
1.670006049999999964e-01
5.799986000000001418e-02
1.122450400000000320e-01
4.763269499999999573e-02
7.067862559999998906e-02
7.855450560000000471e-02
6.261489799999997441e-02
5.529449800000000442e-02
6.034369000000001232e-02
1.801595549999999712e-01
2.652564000000000033e-01
1.498768139999999971e-01
8.592799400000000754e-02
1.009015849999999881e-01
6.490175999999997503e-02
1.777926549999999939e-01
1.541751700000000003e-01
1.708306950000000046e-01
7.604447499999997251e-02
1.149257500000000209e-01
9.589635000000000520e-02
5.429859499999998423e-02
2.492585499999998983e-02
5.450400000000001771e-02
3.996475000000000721e-02
1.926084999999998909e-02
7.544575000000001974e-02
2.813759999999999178e-02
4.182598000000002647e-02
6.349816000000001182e-02
4.738443999999998602e-02
6.945579100000001671e-02
