FramewiseDisplacement
2.001192159999999609e-02
2.055304039999999652e-02
4.260706999999999689e-02
4.429923000000000194e-02
5.783487999999999823e-02
6.943574999999999053e-02
2.933442499999999384e-02
4.990981500000000320e-02
2.043048000000000086e-02
3.804086999999999746e-02
4.637785000000000518e-02
5.229119999999999602e-02
2.348858999999998975e-02
5.803248999999999214e-02
8.087617999999997809e-02
1.769968999999999709e-02
2.455169000000000101e-02
5.182467999999999797e-02
7.686473999999998696e-02
7.358931999999998586e-02
1.838178000000000034e-02
6.364804500000000032e-02
7.307094499999999826e-02
3.118405999999999956e-02
2.379240000000000174e-02
2.724881999999999999e-02
2.136200000000000251e-02
1.655727000000000240e-02
3.274284999999999696e-02
3.546466000000000202e-02
2.422749270000000218e-02
5.260614769999999440e-02
6.628630000000000633e-02
2.520192000000000265e-02
1.036251999999999833e-02
2.790250000000001280e-04
2.415360499999999813e-02
3.140124999999999861e-02
1.535125999999999852e-02
9.974105000000000470e-03
1.490911500000000056e-02
1.936438499999999785e-02
3.420104499999999936e-02
7.877700000000001368e-03
2.264728499999999964e-02
2.066831499999999960e-02
2.148290999999999742e-02
1.525231499999999893e-02
1.278079499999999931e-02
2.951056499999999555e-02
2.795372499999999871e-02
3.498745500000000064e-02
2.305904999999999760e-02
2.251171250000000290e-02
1.488690749999999931e-02
1.140185699999999962e-02
3.623411999999999467e-02
2.788956999999999894e-02
2.415159999999998662e-03
1.234280450000000140e-01
1.525366449999999985e-01
5.161587499999999162e-02
3.364017500000000133e-02
2.866809499999999761e-02
2.464569999999999955e-02
4.570777499999999216e-02
2.647154500000000257e-02
3.192058000000000395e-02
1.649951500000000279e-02
1.872014500000000053e-02
4.082386999999999128e-02
6.235889999999995673e-03
4.326580500000000440e-02
3.961959999999999094e-02
1.931983499999999701e-02
3.513177499999999009e-02
2.093200100000000563e-02
2.251024600000000112e-02
1.479353500000000002e-02
3.311334500000000236e-02
3.922472000000000458e-02
3.636900000000000549e-02
2.258614499999999845e-02
1.324216449999999871e-02
4.345946149999999758e-02
3.575061600000000589e-02
2.021466499999999625e-02
9.493026999999999715e-02
1.401185749999999952e-01
4.148347999999999619e-02
2.571557999999999830e-02
3.694699500000001025e-02
3.192489499999999480e-02
3.751774999999998861e-02
3.470250999999999197e-02
2.637034649999999911e-02
3.386530799999997246e-03
2.990198770000000034e-02
2.086155168999999712e-02
