FramewiseDisplacement
4.913102999999999915e-02
7.437797000000001546e-02
6.891684999999998784e-02
1.481301999999999966e-02
4.731807500000001498e-02
1.993318999999998953e-02
7.607097999999999638e-02
4.152925000000000366e-02
2.420512999999999831e-02
6.708881499999999609e-02
1.199270199999999953e-01
1.074942700000000029e-01
5.299937999999999871e-02
9.505846999999997826e-02
1.268248499999999890e-01
7.665058999999999068e-02
7.909875799999999124e-02
9.101298799999998912e-02
1.091339699999999968e-01
6.087802999999999271e-02
8.136012999999998885e-02
4.128824500000000813e-02
2.405825499999999367e-02
2.524725000000000580e-02
5.152943499999999843e-02
1.432206849999999865e-01
1.662691950000000085e-01
9.841707500000000663e-02
5.690857000000000554e-02
4.097317000000000320e-02
6.648446999999998996e-02
5.920824999999999699e-02
6.628175000000000039e-02
5.546186000000000171e-02
4.771639000000000436e-02
5.144285999999999998e-02
2.806401000000000728e-02
7.558844999999998759e-02
5.512254999999999933e-02
2.253439900000000218e-01
3.241916200000000137e-01
1.355785600000000146e-01
8.327218499999999857e-02
5.618506499999999931e-02
1.064598999999999962e-01
6.004650000000000959e-02
5.716199500000000711e-02
2.899115000000000025e-02
2.472375000000000267e-02
8.613617299999999644e-02
3.445615400000000272e-02
4.029637499999999539e-02
1.578269999999999951e-01
5.944743999999999723e-02
6.281511000000000733e-02
8.628819999999999546e-02
2.709070000000001616e-02
3.712995000000001572e-02
3.811762499999999526e-02
5.208254500000000786e-02
1.482628349999999817e-01
8.723641000000001422e-02
1.175199900000000047e-01
1.754870400000000108e-01
8.859359999999998070e-02
3.652707000000000176e-02
1.027646199999999871e-01
9.264070000000000638e-02
4.714021000000000877e-02
1.888004999999999892e-02
8.865115999999999274e-02
6.568369000000000291e-02
7.486364000000000907e-02
2.155376500000000251e-02
4.562776500000000068e-02
1.772744999999999876e-02
3.416926499999999728e-02
5.634016500000001842e-02
3.504075000000000245e-02
4.275910000000000821e-02
2.488460499999999714e-02
1.488414849999999956e-01
1.728896099999999991e-01
1.990416999999999881e-02
8.567895000000000372e-02
4.362803499999998863e-02
1.042018450000000013e-01
1.400149500000000095e-02
3.062190000000000398e-02
1.233862449999999916e-01
2.011940550000000383e-01
2.539932149999999944e-01
8.788689999999999003e-02
5.017805000000000182e-02
1.436253499999999850e-01
3.868888000000000882e-02
9.219082000000000665e-02
8.937952999999999870e-02
8.315937999999999108e-02
