FramewiseDisplacement
4.674859999999995269e-02
6.595750000000004387e-02
4.481819999999998860e-02
2.809730000000001254e-02
6.597564999999999680e-02
3.318084999999998397e-02
5.972100000000001019e-02
5.415269999999998418e-02
6.623050000000001158e-02
1.917393999999999349e-02
6.562961000000000489e-02
2.717695000000000180e-02
4.589225000000003024e-02
6.400894999999999502e-02
2.677840000000000775e-02
1.662159999999998292e-02
4.137170000000000430e-02
2.586994999999997838e-02
7.191085000000001226e-02
8.536970000000000669e-02
7.783829999999999916e-02
1.713855000000000586e-02
5.241774999999999213e-02
2.152390000000001247e-02
1.461700000000000152e-02
3.800719999999999793e-02
3.502086999999999561e-02
2.241390000000000049e-02
6.384599999999993752e-03
2.457800000000000609e-02
1.743402000000000840e-02
6.575369999999999826e-02
7.542251000000001204e-02
1.110533000000000527e-02
1.539158000000000366e-02
2.600631999999999597e-02
1.341048000000000413e-02
4.558261500000000688e-02
6.808090500000002487e-03
2.471463049999999759e-02
3.645279500000000311e-02
3.360882500000000883e-02
3.125777500000000153e-02
3.461585500000000093e-02
1.740572500000000036e-02
3.256234500000000642e-02
8.417383000000000504e-02
1.155913849999999909e-01
3.115652999999999825e-02
3.247197150000000199e-02
6.423341400000000256e-02
2.684632049999999270e-02
2.565001050000000060e-02
6.908751399999998877e-02
7.297723899999998542e-02
1.249900699999999774e-02
3.556618450000000736e-02
6.969019449999999671e-02
3.380868450000000525e-02
3.288876949999999799e-02
3.771047950000000482e-02
2.732577000000000617e-02
3.723091000000000594e-02
1.347779999999999638e-02
5.141939999999999705e-02
6.955065000000000552e-02
5.508123499999999229e-02
7.090813499999999714e-02
1.967374999999999333e-02
1.091427500000001320e-02
4.115800500000000445e-02
9.132009999999990760e-03
1.201127500000000355e-02
4.536127000000000214e-02
1.834660000000000804e-02
2.701042999999999500e-02
7.659498299999999149e-02
4.837596199999999458e-02
5.438606199999999891e-02
3.943972999999998535e-02
5.085893199999998171e-02
3.072695000000002369e-02
9.509091499999997033e-02
7.163521499999998821e-02
3.285800000000001914e-02
5.954417999999998823e-02
2.651839999999998365e-02
5.525990500000000499e-02
6.760731500000000116e-02
3.222852000000001049e-02
5.541060000000001817e-02
3.074226000000001430e-02
3.084673000000000970e-02
6.404640000000000333e-02
1.943267499999999648e-01
3.501159999999998995e-02
1.963287500000000449e-02
4.711617500000000319e-02
2.467143499999999157e-02
