FramewiseDisplacement
2.441264949999999989e-01
1.407659699999999903e-01
1.015169799999999789e-01
1.503678499999999696e-01
1.864647799999999966e-01
8.610008999999996249e-02
1.164922500000000055e-01
9.147795000000003007e-02
7.928829999999997824e-02
1.842453299999999572e-01
8.020312000000000274e-02
1.285243500000000094e-01
2.790151000000000159e-01
3.176772999999999958e-01
8.069850000000000634e-02
1.432208900000000174e-01
2.043858279999999916e-01
2.413215019999999933e-01
1.426153700000000191e-01
1.099242500000000011e-01
2.018509000000000275e-01
1.791174000000000099e-01
6.650809999999997280e-02
7.790510000000000490e-02
2.423550500000000163e-01
3.406798500000000618e-01
1.980514999999999914e-01
5.818550000000004274e-02
1.134866000000000347e-01
1.221556999999999782e-01
1.459931999999999896e-01
1.689868000000000203e-01
2.292394999999999849e-01
3.770000000000000018e-01
5.602226999999999624e-01
5.962248999999999466e-01
2.962524000000000268e-01
7.776839999999998754e-02
2.638279000000000041e-01
1.755865000000000065e-01
9.285809999999994346e-02
1.800768000000000368e-01
2.476050999999999669e-01
1.518260999999999639e-01
1.167544500000000374e-01
1.049731500000000151e-01
1.748163999999999829e-01
2.894979500000000039e-01
2.164611350000000545e-01
3.754938980000000481e-01
1.483526729999999905e-01
3.732290300000000172e-01
1.268967000000000012e-01
1.715500499999999817e-01
1.872136500000000092e-01
1.043457700000000044e-01
9.073915000000001840e-02
1.652870799999999751e-01
1.388719000000000203e-01
2.399082500000000173e-01
1.849652599999999925e-01
2.327087099999999853e-01
2.495314500000000157e-01
1.040458499999999814e-01
1.370949500000000210e-01
1.428535500000000236e-01
9.620019999999998572e-02
1.184266500000000083e-01
1.083641500000000063e-01
9.150698500000001290e-02
1.328703150000000166e-01
8.516067000000002163e-02
1.344303000000000026e-01
1.245560399999999929e-01
3.060001400000000316e-01
1.274340499999999932e-01
1.246004000000000000e-01
2.423535499999999732e-01
1.768172500000000369e-01
1.203640599999999672e-01
1.806613600000000486e-01
1.912625000000000297e-01
2.421444000000000374e-01
1.065005299999999544e-01
1.875203699999999918e-01
3.317016999999999882e-01
9.519199999999999884e-02
1.240166499999999783e-01
1.699436499999999739e-01
1.373278500000000013e-01
9.527290000000004921e-02
1.747136600000000206e-01
1.589946599999999544e-01
1.819368999999999847e-01
1.114020499999999886e-01
1.460044999999999538e-01
2.394799349999999216e-01
2.238042849999999917e-01
1.320260000000000045e-01
