FramewiseDisplacement
9.703498430000000174e-02
9.848515000000000741e-02
2.568244999999999556e-02
1.189505500000000160e-01
5.706270000000000786e-02
1.078770500000000160e-01
5.320039999999999492e-02
2.517074999999999174e-02
5.599244999999999917e-02
5.981454999999999411e-02
7.575510000000000577e-02
1.736634999999999568e-02
2.000214999999999632e-02
3.851107000000001529e-02
1.427023000000001048e-02
2.308665000000000023e-02
4.124111800000000716e-02
1.282675099999999735e-02
3.470018899999998546e-02
4.939380099999998719e-02
8.179635500000001502e-02
1.129805749999999998e-01
9.937604499999999619e-02
8.682290349999999268e-02
5.927670349999999977e-02
2.308767999999999931e-02
2.055586600000000042e-01
1.765670450000000058e-01
7.888732849999999241e-02
2.565989349999999586e-02
4.292893999999999877e-02
4.708476999999999801e-02
1.522940999999999878e-02
3.106745000000000340e-02
5.841799000000000991e-02
5.671868000000000049e-02
9.950950000000000073e-03
3.742420000000000468e-02
1.582312500000000038e-02
2.323677500000000812e-02
2.383341150000000200e-02
1.878327649999999779e-02
7.701120000000000188e-02
1.036220500000000072e-01
6.462581200000000470e-02
3.264877800000000330e-02
4.571563500000000446e-02
2.086447499999999691e-02
2.271726999999999774e-02
5.266870000000000579e-02
5.390562500000000562e-02
7.350723000000000673e-02
2.394388000000000419e-02
3.807036500000000184e-02
3.251910000000000217e-02
1.779371000000000078e-02
4.632585999999999649e-02
3.296472000000000291e-02
2.809169000000000249e-02
3.528313499999999325e-02
6.222732499999998612e-02
5.229406499999999375e-02
3.178990500000000025e-02
1.018709679999999819e-02
1.142306820000000070e-02
1.235039650000000072e-01
1.672358249999999769e-01
3.042388000000000037e-02
2.641490500000000588e-02
4.169935499999999351e-02
1.161818449999999919e-01
1.078129499999999907e-01
1.064152150000000074e-01
4.368269950000000512e-02
7.292082199999999625e-02
7.186491999999999880e-02
1.186219724999999919e-01
1.451489550000000239e-01
1.497151549999999887e-01
1.215388099999999971e-01
8.062439000000000411e-02
3.555317000000000199e-02
1.449894999999999830e-02
4.680294150000000042e-02
2.088720800000000086e-02
2.679312149999999934e-02
3.301320500000000380e-02
4.521422205000000250e-02
1.955756294999999936e-02
2.001172999999999494e-02
2.323693000000000286e-02
4.173796000000000450e-02
6.879654999999998410e-02
2.411739000000000244e-02
5.346451500000000412e-02
1.889841949999999937e-02
4.553445549999999425e-02
7.386641500000000471e-02
5.958694499999999533e-02
