FramewiseDisplacement
8.412580000000000058e-02
1.563117500000000271e-01
1.046800500000000245e-01
7.603236000000004879e-02
7.289383000000000667e-02
6.538536999999998434e-02
9.215809000000001194e-02
9.044175000000000131e-02
1.228823979999999760e-01
1.425661819999999580e-01
8.751799570000000361e-02
1.006419085000000296e-01
1.011852833400000151e-01
8.074188946000000755e-02
1.036515610000000032e-01
1.559222450700000207e-01
1.270590931700000259e-01
6.539122129999996869e-02
1.208535621999999865e-01
6.085966999999999766e-02
9.013648499999998842e-02
7.380116650000001499e-02
6.765606950000002673e-02
1.356133140999999931e-01
1.117305110999999712e-01
8.274408299999999605e-02
1.213530230000000182e-01
1.018455000000000193e-01
1.564843805999999726e-01
9.655169249999999426e-02
1.301812760999999929e-01
1.637983920000000149e-01
9.941025499999997517e-02
7.261879000000000250e-02
1.136481604099999904e-01
1.030141445900000091e-01
6.393568849999999026e-02
9.174885990000000713e-02
7.187059839999999922e-02
8.792077499999999268e-02
6.532816359999998879e-02
1.052877480000000143e-01
4.540313830000000661e-02
1.121594966800000259e-01
1.223168855800000066e-01
3.634789999999999549e-02
1.159427699999999867e-01
1.856457750000000129e-01
1.476502080000000050e-01
9.066735200000000661e-02
9.674530200000000524e-02
1.018944529999999959e-01
1.166163999999999951e-01
4.885990999999999251e-02
1.620831450000000118e-01
1.266528270000000234e-01
8.078644300000001333e-02
4.873119499999999799e-02
8.533034999999999926e-02
9.537540999999999380e-02
1.071438699999999883e-01
9.138701000000000463e-02
4.691155999999999798e-02
8.930942999999999521e-02
7.637866999999999573e-02
4.632958000000000215e-02
7.380821000000001297e-02
8.259961000000001774e-02
2.544620950000000409e-02
2.361347950000000986e-02
9.409329000000000998e-02
6.421369000000000382e-02
4.911920999999998261e-02
8.941630500000000148e-02
9.136972999999998235e-02
8.851717000000000612e-02
1.767762950000000000e-01
1.091988000000000125e-01
3.259520000000001860e-02
1.372735000000000205e-01
9.865324500000000052e-02
4.532695000000000474e-02
9.875609999999998556e-02
6.173553999999999153e-02
3.639626499999999709e-02
1.634277299999999933e-01
1.096629999999999827e-01
6.862235000000001250e-02
4.998625000000003760e-02
2.063190999999999775e-01
9.077330000000001509e-02
1.481794999999993395e-02
7.367495000000003069e-02
1.086750999999999967e-01
7.133642000000003924e-02
5.772972000000004683e-02
1.233643499999999699e-01
1.141904000000000391e-01
8.704773999999995682e-02
