FramewiseDisplacement
4.453839999999998495e-02
3.814269999999998773e-02
5.422305000000000180e-02
5.759354999999997948e-02
4.092764999999996128e-02
7.343275000000003272e-02
7.031579999999998387e-02
4.595990000000001879e-02
2.539405000000001175e-02
2.221764999999999851e-02
4.479420000000004787e-02
8.090460000000006258e-02
4.012960000000002914e-02
3.199789999999997497e-02
1.175179500000000099e-01
1.710938000000000181e-01
4.848175000000001095e-02
7.497240000000000848e-02
6.246969999999998913e-02
6.789480000000003290e-02
5.308785000000001281e-02
1.066307499999999686e-01
7.362949999999998663e-02
3.029209999999996072e-02
3.258735000000000381e-01
5.633124499999999646e-01
1.645193999999999823e-01
5.234800000000001952e-02
7.344925000000000759e-02
6.675079999999999902e-02
5.629684999999999551e-02
2.561605000000000479e-02
8.050084999999998492e-02
5.561771000000000076e-02
2.397359000000000642e-02
5.923675000000000468e-02
4.772863000000000799e-02
1.948163000000000325e-02
5.250816699999999448e-02
1.577714700000000178e-02
1.865732500000001626e-02
2.452866000000000421e-02
6.235086099999999354e-02
2.846523599999999793e-02
4.422568499999999375e-02
3.293568000000000884e-02
3.081827000000000177e-02
4.802320499999999937e-02
4.540808500000000081e-02
3.226884800000000275e-02
4.881703399999999526e-02
2.063464199999999818e-02
4.120323500000000472e-02
4.103397500000000031e-02
2.531860399999999803e-02
3.942014400000000418e-02
1.447769199999999860e-02
4.208902200000000371e-02
2.195591399999999999e-02
1.831670700000000152e-02
6.067395400000000216e-02
3.854037899999999961e-02
7.127324100000000107e-02
6.945531999999998707e-02
3.892110000000000014e-02
1.791595000000001034e-02
5.770809999999998441e-02
1.525429999999999842e-02
4.246319999999998568e-02
2.291869999999998631e-02
7.263813000000002296e-02
5.161082999999998255e-02
3.110920000000001392e-02
3.416694999999998761e-02
3.190050000000002606e-02
4.300825000000001175e-02
4.904744999999998550e-02
3.349569999999998243e-02
1.894820000000000532e-02
4.472840000000000149e-02
4.588644999999999530e-02
2.102090000000000208e-02
4.248050000000000437e-02
3.129610000000000031e-02
8.455813000000002300e-02
2.756202000000004121e-02
6.597229000000000287e-02
1.054970000000000074e-01
1.320708999999999911e-01
6.789323299999998340e-02
2.764801000000000411e-02
3.755497299999998456e-02
3.707014999999998922e-02
5.429835000000000911e-02
4.863005000000002881e-02
4.207199999999997053e-02
4.313245000000000273e-02
4.760135000000002142e-02
4.207635000000003317e-02
