FramewiseDisplacement
1.046322749999999968e-01
8.041027500000000328e-02
4.628689999999999888e-02
5.772109999999999047e-02
4.068754999999998900e-02
3.543610000000000509e-02
2.609329550000000220e-01
3.329548449999999993e-01
4.625822000000000545e-01
2.163174539999999924e-01
1.278365690000000110e-01
1.748851650000000091e-01
1.978364999999998597e-02
9.195354999999999501e-02
9.742421499999999457e-02
2.050211999999999868e-01
4.053587650000000098e-01
1.741931300000000293e-01
1.136679800000000018e-01
8.015736499999999431e-02
1.842992499999999700e-01
6.496592150000000121e-01
1.847003800000000251e-01
5.184549670000000443e-01
5.558715730000000077e-01
6.759363999999999650e-02
7.572259000000000628e-02
1.339430550000000053e-01
1.506047150000000279e-01
1.316920799999999891e-01
4.209692099999999548e-02
1.036677510000000024e-01
3.270333499999999310e-02
1.465794149999999907e-01
6.741607500000000586e-02
1.000455150000000015e-01
8.831756549999998651e-02
6.692968550000000238e-02
3.472658299999999421e-01
2.972050780000000114e-01
2.750736320000000124e-01
3.655205300000000102e-01
2.279124899999999954e-01
6.079263000000000028e-02
9.974715500000000401e-02
4.654647499999999688e-02
1.067180839999999908e-01
1.405518159999999961e-01
5.736972910000000259e-02
5.301316710000000126e-02
5.389941699999999808e-02
7.482243499999999270e-02
2.638960000000000264e-02
5.384105499999999878e-02
9.019800499999999777e-02
1.044648649999999901e-01
1.184094649999999777e-01
3.116240100000000068e-01
9.522724399999998868e-01
8.761375000000000135e-01
4.175657000000000396e-01
2.742480449999999959e-01
1.379630950000000078e-01
4.699374999999998692e-02
4.585660999999999765e-01
6.534480000000000843e-02
2.949894499999999864e-01
4.778030999999999806e-01
4.426657500000000245e-01
1.962475999999999665e-01
1.845637000000000250e-01
1.585761300000000096e-01
1.072435199999999811e-01
5.307299999999999518e-02
1.551697500000000229e-01
5.071116499999998167e-02
1.641779350000000248e-01
2.188224800000000414e-01
3.941129199999999777e-01
9.634784999999998489e-02
2.923708000000000418e-01
2.548813000000000328e-01
3.405831500000000012e-01
2.385855999999999810e-01
5.820420000000000454e-02
3.758630000000000998e-02
4.546329999999999122e-02
5.719900000000001372e-02
1.063757000000000175e-01
4.664600000000001384e-02
6.168230000000000934e-02
3.915149999999999880e-02
5.556155000000000121e-02
6.509325000000001915e-02
9.959740000000000260e-02
2.734919999999998325e-02
4.121450000000000113e-02
2.929580000000001072e-02
2.956520000000001716e-02
