FramewiseDisplacement
3.672504999999998687e-01
3.294214999999998117e-01
4.031590000000002116e-01
8.927000000000021029e-02
2.774150000000000227e-01
4.309874999999997458e-01
9.508860000000000090e-01
5.186180000000001344e-01
2.378005000000000813e-01
3.359865000000000768e-01
4.085254999999999859e-01
1.933964999999999712e-01
1.072535000000000294e-01
3.657899999999998375e-01
4.721054999999999002e-01
1.250754999999999784e-01
4.303074999999998984e-01
7.823450000000015114e-02
1.619010000000000726e-01
1.817089999999999872e+00
6.460365000000000135e-01
5.099464999999999693e-01
8.365460000000000118e-01
5.287585000000000202e-01
7.946690000000001808e-01
1.060506999999999866e+00
6.732235000000000857e-01
2.311620000000000896e-01
2.495310000000000583e-01
4.169294999999999529e-01
1.120299000000000156e+00
4.472725000000001283e-01
4.959160000000000790e-01
2.457030000000000325e-01
5.704880000000001061e-01
4.833879999999999288e-01
5.511639999999999873e-01
5.489779999999999660e-01
9.744060000000001609e-02
4.682842999999998757e-01
1.581836000000000908e-01
2.371546999999999961e-01
7.358349999999999058e-01
3.877881999999999163e-01
2.988975999999999855e-01
3.195623000000000213e-01
1.130702300000000049e+00
1.349220300000000039e+00
6.053437500000000693e-01
3.414579515000000787e-01
2.462169684999999941e-01
5.847271400000000341e-01
5.241249999999999520e-01
3.245928000000000146e-01
7.598709999999999631e-01
4.564107999999999499e-01
7.479512999999999856e-01
5.448502000000000622e-01
5.089473399999999703e-01
3.992427399999999849e-01
4.281837000000001670e-01
3.969211000000000267e-01
3.953324300000000679e-01
3.251199300000000014e-01
4.365925999999999418e-01
2.818369000000000013e-01
2.013091499999999923e-01
1.473868099999999515e-01
1.990772599999999781e-01
1.227765000000000106e-01
6.728499999999999759e-02
6.360390000000001876e-02
2.453842400000000312e-01
2.431203399999999903e-01
1.161278999999999645e-01
1.497243299999999888e-01
3.115779299999999474e-01
3.144981000000000027e-01
3.116265000000000285e-01
3.004649999999999266e-01
2.023016999999999455e-01
4.002922999999999898e-01
1.363962999999999426e-01
1.600117000000000345e-01
1.456458999999999671e-01
1.219328999999999830e-01
1.269243000000000177e-01
9.055790000000002449e-02
1.299328000000000150e-01
5.682530000000000914e-02
1.022369999999999807e-01
7.722120000000001760e-02
4.771390000000002435e-02
1.451739000000000224e-01
1.444928999999999519e-01
2.834836999999999496e-01
1.864728999999999970e-01
1.763486999999999416e-01
1.713318999999999537e-01
