FramewiseDisplacement
2.569645000000000262e-02
2.271709999999998661e-02
3.375219999999999609e-02
2.797270000000001353e-02
1.997360000000000108e-02
3.339994999999999076e-02
4.481944999999998985e-02
2.162000000000000033e-02
0.000000000000000000e+00
1.729000000000000328e-02
1.729000000000000328e-02
2.230664999999999037e-02
1.629900000000000446e-02
1.129729999999999276e-02
2.664505000000000345e-02
7.268099999999996959e-03
2.379750000000000615e-02
2.149449999999999972e-02
3.397679999999998757e-02
2.282109999999999000e-02
3.920090000000001074e-02
2.499844999999999845e-02
1.687055000000001193e-02
1.809884999999999272e-02
1.146929999999999825e-02
4.816550000000001039e-03
1.005220000000000072e-02
1.416975999999999652e-02
1.983634999999999218e-02
2.282723999999999864e-02
2.031535000000000285e-02
2.453276999999999541e-02
1.248560999999999595e-02
2.744631000000000154e-02
2.808686499999999905e-02
2.889893799999999555e-02
3.315293200000000301e-02
3.072527499999999981e-02
2.570408399999999857e-02
3.026628400000000094e-02
2.637495000000000117e-02
4.119255999999999612e-02
2.273315999999999878e-02
1.981721499999999914e-02
2.353240500000000276e-02
1.655348499999999973e-02
1.234601500000000011e-02
4.543041499999999483e-02
4.154367979999999683e-02
2.665073180000000069e-02
3.315009599999999695e-02
3.875887500000000513e-02
4.631204999999999350e-02
1.628950000000000189e-02
9.417909999999998089e-03
4.431907999999999681e-02
4.576953000000000271e-02
2.165748999999999799e-02
4.043796499999999239e-02
1.457707499999999837e-02
2.060709000000000152e-02
3.981980999999999715e-02
1.200722000000000074e-02
1.322028000000000265e-02
2.820195000000000340e-02
3.713494999999999296e-02
1.444577000000000708e-02
3.364458000000000032e-02
2.880391000000000201e-02
3.993704999999998784e-02
3.095079999999999706e-02
2.178664999999999075e-02
1.602395000000000208e-02
2.812809999999998922e-02
6.165234999999999466e-02
2.263614999999999031e-02
3.188375000000000237e-02
2.118089999999999903e-02
3.499824999999999464e-02
1.835485000000000588e-02
3.587995000000000767e-02
7.356300000000004849e-03
1.883539999999999520e-02
1.513560000000000252e-02
2.727014999999999648e-02
2.628054999999999974e-02
2.921798499999999493e-02
2.512411500000000242e-02
3.133860000000000812e-02
5.253725000000001449e-02
3.888309999999999683e-02
2.480434999999998544e-02
3.662360000000000615e-02
1.320390000000000105e-02
1.626565000000000302e-02
2.041695000000001703e-02
3.752169999999998423e-02
4.150880000000001235e-02
4.312239999999999129e-02
