FramewiseDisplacement
3.115409999999999360e-02
2.542225000000000734e-02
4.728870000000000989e-02
7.934003000000000583e-02
4.114538000000000223e-02
3.246484999999999649e-02
3.004582999999999560e-02
3.078662999999999539e-02
5.079648000000001190e-02
1.849055000000000837e-02
4.714488000000000012e-02
7.306836329999999435e-02
1.162632133000000012e-01
2.700645999999999602e-02
6.932123499999999494e-02
9.064641999999999145e-02
3.163554000000000366e-02
1.036138249999999927e-01
6.200860999999999873e-02
3.359328999999999787e-02
4.634469000000000088e-02
4.685548999999999964e-02
8.601214999999999555e-02
1.209339499999999845e-01
3.846575000000000688e-02
4.145655000000000173e-02
3.097952700000000670e-01
8.241452000000000500e-02
3.176782999999999690e-02
3.966534999999999506e-02
2.642047000000000145e-02
3.498969500000000121e-02
6.116480500000000264e-02
6.625150000000000483e-02
5.501304499999999653e-02
7.394363500000000755e-02
4.648801500000000059e-02
2.508001000000000327e-02
3.629817999999999933e-02
5.047178000000000775e-02
3.804657500000000608e-02
3.279886099999999860e-02
4.732962599999999964e-02
4.059373000000000148e-02
2.568993999999999792e-02
1.895427499999999960e-02
4.199518299999999843e-02
5.759886799999999751e-02
1.264877999999999836e-02
3.364133450000000164e-02
5.182005450000000402e-02
6.189644000000000396e-02
4.186689999999999856e-02
3.483952500000000313e-02
7.656662249999998671e-02
8.248405550000000030e-02
7.334127400000001185e-02
2.202063900000000157e-02
2.796796900000000224e-02
5.189493099999999831e-02
6.827240999999999171e-02
7.801061000000000800e-02
7.290869499999999559e-02
4.736626500000000461e-02
2.736821150000000660e-02
4.395626149999999621e-02
6.497242999999999769e-02
4.400961499999999499e-02
1.836066499999999824e-02
4.206018500000000687e-02
5.576818500000000484e-02
4.323904499999999679e-02
1.564380500000000368e-02
1.038183399999999812e-01
1.096919249999999818e-01
4.528190999999999466e-02
6.174940499999998639e-02
4.380773499999998655e-02
6.723978449999999663e-02
8.359652050000000723e-02
3.673784000000000077e-02
5.749812499999999715e-02
5.194333999999999063e-02
3.800162500000000415e-02
1.076744999999999092e-02
2.285407500000000147e-02
2.248512499999999123e-02
9.354320000000011445e-03
7.665299000000000418e-02
8.629150500000000445e-02
4.740021579999999929e-02
6.260173079999999113e-02
4.602690499999998602e-02
4.933521500000000864e-02
5.914559299999998937e-02
4.754284799999998479e-02
6.277119250000000317e-02
5.737589750000000877e-02
4.719351000000000101e-02
