FramewiseDisplacement
3.997244899999997936e-02
5.167962299999999398e-02
3.926066600000002738e-02
5.153695790000001331e-02
2.954235189999996833e-02
1.802127099999997761e-02
2.714166999999999275e-02
3.811648600000001191e-02
3.558593599999999163e-02
4.326419999999999572e-02
8.749091999999998592e-02
2.623811000000001240e-02
4.485961999999998895e-02
3.384357999999999811e-02
1.400442999999998960e-02
2.079575999999999300e-02
2.498134999999999939e-02
3.196820000000000911e-02
4.707774000000001374e-02
1.973819999999995925e-02
1.523255000000000442e-02
4.176086800000002736e-02
5.276205799999999363e-02
3.479989999999999473e-02
3.222399999999997489e-02
1.947939899999999447e-02
4.338854900000000542e-02
2.377769999999999884e-02
2.375895000000001478e-02
3.900030000000000163e-02
5.105924999999999353e-02
6.615615000000001078e-02
2.124326999999999813e-02
1.885106700000000468e-01
4.921645900000000406e-02
7.021297259999999263e-02
4.039045369999999524e-02
8.703188729999999929e-02
7.832939880000000521e-02
3.132180879999999640e-02
1.229708719999999915e-02
1.074519578000000114e-01
8.636770069999998023e-02
4.522038994600000028e-02
5.308401924600000127e-02
4.800602999999999815e-02
2.501534500000000133e-02
5.821830000000000060e-02
1.546819500000000229e-02
4.277614500000000153e-02
3.737443000000000015e-02
4.246594849999999616e-02
4.199093950000000464e-02
1.932577599999999937e-02
4.165940600000000299e-02
6.019554920000000364e-02
3.475212820000000286e-02
2.131556800000000002e-02
3.245864500000000125e-02
2.902603999999999601e-02
2.713370955000000140e-01
1.919510395000000313e-01
8.922003500000000309e-02
4.769315000000000360e-02
2.500950000000000395e-02
5.115835500000000258e-02
1.841297999999999546e-02
1.229662499999999853e-02
3.738719999999999544e-02
4.767394999999999272e-02
2.416034999999998670e-02
3.919264999999998861e-02
4.228375000000000883e-02
5.112955000000000971e-02
3.332009999999999139e-02
3.074905000000001387e-02
1.222859999999999572e-02
1.011079999999999965e-02
1.655605000000000965e-02
2.522819999999997495e-02
4.370881000000000766e-02
3.067635999999998933e-02
3.273854999999999821e-02
7.111044999999999172e-02
2.468425000000002562e-02
2.884404999999999608e-02
2.112585000000000851e-02
5.102610000000000479e-02
2.665400000000000408e-02
2.948889999999997416e-02
2.711780000000000440e-02
2.617505000000002260e-02
1.086979999999999544e-02
2.796455000000000815e-02
3.172539999999998001e-02
4.236394999999999050e-02
1.624009999999998996e-02
3.832214999999999233e-02
6.702375000000003469e-02
