FramewiseDisplacement
6.096797900000001241e-02
3.143915000000001292e-02
3.625135000000000857e-02
1.388905499999999738e-01
1.371285699999999774e-01
4.602025000000001254e-02
3.295566000000000467e-02
7.991201000000000554e-02
5.631769999999999138e-02
4.068795000000001438e-02
4.988980000000002579e-02
4.027130000000000987e-02
1.143908500000000023e-01
3.425050000000000316e-02
1.231159000000000142e-01
4.825030000000000985e-02
5.595999999999999586e-02
3.499905000000000377e-02
2.541389999999999622e-02
5.025369999999999143e-02
1.040432999999999913e-01
6.491370000000000473e-02
3.100390000000000784e-02
6.117625000000000146e-02
4.215080000000000215e-02
4.898220000000000351e-02
3.975030000000001618e-02
5.107069999999999665e-02
4.317555000000000004e-02
5.177385000000000320e-02
3.446090000000000264e-02
1.746659999999999532e-02
4.157380000000000103e-02
4.441389999999999921e-02
3.538580000000000197e-02
2.330949999999999689e-02
2.427370000000000916e-02
3.640465000000000367e-02
3.574388000000000565e-02
3.705463000000000506e-02
3.930273999999999573e-02
8.882477000000001122e-02
6.772874499999999298e-02
4.485439000000000093e-02
1.512665999999999664e-02
2.781870999999999997e-02
2.458974499999999966e-02
6.409347700000000980e-02
9.493520800000000703e-02
4.736759649999999766e-02
5.756250250000000124e-02
2.723836999999999786e-02
7.502416999999998726e-02
8.202743500000000965e-02
5.246192100000000164e-02
3.890287399999999007e-02
3.570359700000000358e-02
4.388799200000000067e-02
4.139260000000000161e-02
6.617443400000000420e-02
3.172910400000000103e-02
3.976412500000000433e-02
7.680139499999999453e-02
6.021698499999999371e-02
5.989329999999999654e-02
4.651146500000000183e-02
2.681275000000000325e-02
4.050348850000000389e-02
2.664273050000000656e-02
4.007587700000000280e-02
4.596949999999999648e-02
5.868345000000001199e-02
7.718603000000000269e-02
3.851960499999999149e-02
3.425705999999999196e-02
3.815609999999999835e-02
4.601267500000000288e-02
3.435347500000000137e-02
6.984995999999998872e-02
7.386365000000000292e-02
5.338769999999999627e-02
4.988464999999999566e-02
4.604349999999999415e-02
2.250809999999999270e-02
7.680425000000000446e-02
3.958925000000000638e-02
2.204369999999999941e-02
3.678754999999998831e-02
2.799590000000000065e-02
1.721120000000000982e-02
8.058675499999999603e-02
4.795527499999999860e-02
3.123922999999999284e-02
1.044115000000001708e-02
1.326230000000000638e-02
2.882945000000001340e-02
1.907369999999998164e-02
2.374180000000001428e-02
4.896782999999998998e-02
