FramewiseDisplacement
9.549388000000000321e-02
1.291091091000000080e-01
1.343615672000000316e-01
8.157071189999999528e-02
5.147720000000000767e-02
3.524525500000000311e-01
2.783626700000000342e-01
1.060698799999999914e-01
1.363905499999999993e-01
8.266031999999999547e-02
6.759172999999998876e-02
9.344786499999999108e-02
1.364476649999999680e-01
1.429508099999999837e-01
1.412284799999999896e-01
1.530371500000000107e-01
1.975464899999999913e-01
1.737037899999999968e-01
1.348788499999999946e-01
1.692012400000000028e-01
1.752817799999999981e-01
1.472688100000000000e-01
2.154722000000000026e-01
2.091273299999999724e-01
1.067767319999999853e-01
1.298892180000000007e-01
1.643904949999999976e-01
1.270452800000000104e-01
1.686000750000000159e-01
7.656929000000001206e-02
6.257069000000001213e-02
1.573516199999999976e-01
1.985255599999999898e-01
2.063958000000000181e-01
1.652837099999999726e-01
1.348119089999999798e-01
6.940196399999999655e-02
9.496442800000000350e-02
8.181337299999999479e-02
1.841344750000000197e-01
1.219773949999999885e-01
9.860600199999998428e-02
1.550933419999999952e-01
1.818952359999999879e-01
1.346824560000000059e-01
8.352893999999999597e-02
9.681965000000000710e-02
2.590370599999999857e-01
1.757958649999999956e-01
7.754558500000000021e-02
5.592664399999999758e-02
9.022642499999999899e-02
1.710485150000000121e-01
2.119774649999999760e-01
7.126405500000000670e-02
6.074177999999999522e-02
6.931065999999999616e-02
9.611637999999998738e-02
1.343550099999999969e-01
1.742907000000000206e-01
9.005641000000000340e-02
6.658949000000000118e-02
1.305966200000000244e-01
1.227688700000000022e-01
9.069871499999999920e-02
9.591041499999998499e-02
3.331317749999999633e-01
1.553068249999999817e-01
2.315573850000000045e-01
1.442583649999999995e-01
3.928120000000000916e-02
9.228909999999999891e-02
8.924130000000000951e-02
1.215241499999999975e-01
1.456695599999999757e-01
1.580150599999999850e-01
1.607886999999999789e-01
2.175803000000000320e-01
1.568887000000000198e-01
9.805915000000001158e-02
1.087321500000000135e-01
8.164521999999999058e-02
8.139772000000000673e-02
6.927261000000001223e-02
9.971304000000000278e-02
1.558423499999999629e-01
7.840649999999999009e-02
8.994320000000000093e-02
4.583995000000000430e-02
1.278704499999999966e-01
1.022681000000000145e-01
1.087968000000000129e-01
5.161545000000000022e-02
9.659639999999998505e-02
1.292631000000000197e-01
5.553204999999999947e-02
1.636802500000000271e-01
2.495688600000000312e-01
2.092699600000000049e-01
