FramewiseDisplacement
5.297777154000000294e-02
6.934519154000000352e-02
4.116353999999999846e-02
6.641081000000000067e-02
2.216229999999999589e-02
4.237725999999999993e-02
1.756459960000000126e-02
4.119930960000000447e-02
3.616384999999999045e-02
4.389667690000000067e-02
4.474499009999999971e-02
1.844823499999999686e-02
2.674829999999999569e-02
1.083342290000000041e-01
2.312260380000000226e-02
4.739247480000000762e-02
3.558430799999999505e-02
3.534640000000000004e-02
2.118571400000000132e-02
2.753618069999999932e-02
6.851100970000000012e-02
3.372867900000000446e-02
2.211670000000000302e-02
2.604796399999999984e-02
7.012580350000000018e-02
3.477895799999999871e-02
5.046961999999999976e-02
3.623947500000000016e-02
2.617739000000000524e-02
3.590361949999999747e-02
3.532593449999999607e-02
2.970373000000000110e-02
4.261336120000000505e-02
4.857890119999999645e-02
4.489914450000000168e-02
2.804196499999999509e-02
3.491233159999999891e-02
6.692886840000000781e-02
6.685670999999999975e-02
8.331459999999998867e-03
2.319907000000000913e-02
8.025071999999999761e-02
5.304629500000000025e-02
3.300868499999999595e-02
3.566517499999999341e-02
1.101964454999999760e-01
4.510280599999999529e-02
5.010606500000000518e-02
7.770910500000001442e-02
3.974221049999999977e-02
2.238236000000000392e-02
3.282622499999999360e-02
5.145304499999998893e-02
6.081082000000000154e-02
6.752347149999998743e-02
3.731746749999999974e-02
3.235356749999999948e-02
4.518734299999999787e-02
1.815421950000000242e-02
3.494785949999999752e-02
2.854468499999999673e-02
2.254599499999999923e-02
6.738963500000000328e-02
8.554672999999998750e-02
4.880790000000000128e-02
3.731299999999999895e-02
8.757342449999999667e-02
4.218893499999999686e-02
9.053103999999997931e-02
1.041813899999999987e-01
1.939734449999999666e-02
2.557753499999999847e-02
2.094996999999999485e-02
4.365758050000000112e-02
2.541243549999999685e-02
4.998296499999999726e-02
2.075216499999999256e-02
4.248164050000000774e-02
8.404181049999999431e-02
2.290416949999999480e-02
2.222509499999999680e-02
3.874541999999999570e-02
3.236404500000000101e-02
2.477837000000000095e-02
2.261812499999999587e-02
1.312324999999999950e-02
2.539250000000000534e-02
7.114420000000000466e-02
2.569073449999999537e-01
1.069753100000000179e-01
5.933014500000000080e-02
4.375210999999998296e-02
3.675988999999997564e-02
3.352224000000000870e-02
5.763085550000002222e-02
3.917145550000000753e-02
3.914615500000000192e-02
6.953504000000002017e-02
4.234128499999998546e-02
