FramewiseDisplacement
3.807359999999992972e-02
5.384810000000000291e-02
4.899010000000004333e-02
3.047180000000001068e-02
3.380249999999996452e-02
1.125492000000000437e-01
3.625549999999998219e-02
3.377340000000003672e-02
5.155890000000000473e-02
5.193360000000000337e-02
2.081769999999997720e-02
3.495599999999998708e-02
9.275790000000003199e-02
1.052992999999999985e-01
8.555350000000000454e-02
3.192730000000000568e-02
7.671530000000000016e-02
3.827775999999998013e-02
8.026583000000001022e-02
7.397189999999997934e-02
2.894098999999998589e-02
2.680271000000000042e-02
4.855245000000001088e-02
1.169047999999999615e-02
1.364820000000000963e-02
8.791500000000009377e-03
2.255572000000001173e-02
1.969851999999999367e-02
1.963366000000000416e-02
3.342287999999998815e-02
6.203920999999999741e-02
5.085407999999998901e-02
3.709873000000000337e-02
2.725857000000000974e-02
1.889336000000001528e-02
2.235084000000001070e-02
1.339561999999999697e-02
2.295832000000000428e-02
3.143635000000000873e-02
3.767838999999999217e-02
3.828853999999998897e-02
3.060794000000001402e-02
3.306345000000000117e-02
5.049879000000000173e-02
5.198491999999999003e-02
6.487627999999999451e-02
9.097700999999998317e-02
2.303069099999999897e-02
3.477236739999999687e-02
2.512722679999999931e-02
2.092308479999999832e-02
3.614975439999999762e-02
4.918834299999999549e-02
6.155278060000000939e-02
8.667299999999999310e-03
2.497978000000000004e-02
1.098191000000000271e-02
8.396109999999994827e-03
5.703809999999996661e-03
1.161884000000000181e-02
2.108519999999999492e-02
2.601430999999999188e-02
1.953807899999999986e-02
2.659724400000000946e-02
3.226220300000001012e-02
1.180037999999999226e-02
1.288727000000000102e-02
2.270267999999999245e-02
1.873670000000000196e-02
1.394897599999999488e-02
9.775343999999994843e-03
2.132447999999999635e-02
1.944431000000000631e-02
2.762920000000000653e-02
2.451279000000001346e-02
3.859180000000000249e-02
1.294749000000000247e-02
1.844863000000000405e-02
2.226667000000000229e-02
2.092654999999999169e-02
2.334545999999999150e-02
1.001926199999999961e-01
3.292447999999999902e-02
2.801961000000001423e-02
7.852716000000001251e-02
1.009994999999997214e-02
2.505854999999998153e-02
1.148770000000000693e-02
1.887030000000000651e-02
1.962379999999998292e-02
2.032625000000002485e-02
2.615920000000000745e-02
4.721347999999998823e-02
6.397727000000000275e-02
1.710107500000000030e-02
1.263692499999998983e-02
3.123709999999998987e-02
1.384914999999997502e-02
3.683768400000000942e-02
