FramewiseDisplacement
1.528454000000000201e-01
1.448303000000000229e-01
2.506838999999999595e-01
2.164661000000000224e-01
2.205946599999999702e-01
1.577848950000000361e-01
1.097431150000000299e-01
1.137644499999999892e-01
1.123504499999999212e-01
1.949870500000000506e-01
9.577125000000004384e-02
1.415463500000000430e-01
2.596681000000000128e-01
2.650499900000000131e-01
7.298759000000007435e-02
2.486481999999999859e-01
4.857879999999999837e-02
1.489150000000000196e-01
2.394851500000000077e-01
1.183520500000000142e-01
4.387098000000000941e-01
1.685278699999999685e-01
1.228504150000000184e-01
1.852356049999999699e-01
1.901487000000000038e-01
3.241437999999999819e-01
2.502662500000000234e-01
2.619522000000000239e-01
3.063822400000000279e-01
2.286369900000000399e-01
2.026673445000000129e-01
2.110875154999999614e-01
1.064972000000000141e-01
1.389915500000000192e-01
2.473245500000000319e-01
2.983337500000000087e-01
1.811457499999999943e-01
1.015822000000000114e-01
1.572741000000000278e-01
2.451277000000000039e-01
1.269998499999999975e-01
2.189708499999999947e-01
2.975551099999999560e-01
4.723621000000002151e-02
1.648319000000000034e-01
1.908462999999999687e-01
1.697445999999999955e-01
1.148272999999999933e-01
1.395878700000000028e-01
3.139802240000000300e-01
2.715242559999999639e-01
6.291535000000000877e-02
1.673998550000000141e-01
3.421038950000000467e-01
7.279150000000000897e-02
2.752460420000000241e-01
1.049897474999999941e-01
1.212083894999999995e-01
7.477280000000000038e-02
2.509554499999999688e-01
1.406130499999999894e-01
2.711382499999999696e-01
1.342464299999999999e-01
2.305433500000000080e-01
1.479036400000000029e-01
1.587829499999999783e-01
3.704909000000000119e-01
2.610241899999999893e-01
1.382925900000000208e-01
2.459969800000000317e-01
2.403390299999999813e-01
8.442935000000000023e-02
3.055294549999999498e-01
1.677301350000000024e-01
1.509785600000000116e-01
2.435760700000000056e-01
2.200570300000000423e-01
3.095474599999999965e-01
2.789950420000000264e-01
2.131411520000000004e-01
2.382258500000000168e-01
1.051505999999999691e-01
3.266344999999999943e-01
1.440319499999999919e-01
1.423107499999999859e-01
1.583461250000000042e-01
2.441403350000000139e-01
1.744923599999999853e-01
2.068247000000000002e-01
2.153942999999999830e-01
1.248077000000000353e-01
5.739039999999995950e-02
1.460941679999999687e-01
1.421628340000000157e-01
1.201412520000000317e-01
2.522519500000000026e-01
2.734448400000000223e-01
8.166962999999999306e-02
1.926458199999999954e-01
