FramewiseDisplacement
7.621780000000000221e-02
5.031185000000000518e-02
4.977414999999998924e-02
3.692030000000001005e-02
2.634765000000002105e-02
2.760499999999999413e-02
1.992079999999999546e-02
3.007329999999998685e-02
5.625854999999997663e-02
5.075849999999999806e-02
1.055344499999999880e-01
1.041968000000000061e-01
6.725249999999999284e-02
4.590365000000001111e-02
5.548570000000001973e-02
3.058579999999999979e-02
5.289159999999999695e-02
3.752180500000001917e-02
7.526168999999996445e-02
2.771716500000002970e-02
2.482875000000002441e-02
3.675039999999998863e-02
2.954465000000001257e-02
2.654889000000000554e-02
6.092249000000000275e-02
6.568018499999998816e-02
5.230311499999999725e-02
2.592917999999999959e-02
1.841569999999999319e-02
2.810495000000000354e-02
2.428340999999999833e-02
3.178559000000000245e-02
1.557647500000000108e-02
3.237570500000000462e-02
8.145199999999994805e-03
5.554394999999999472e-02
5.403314999999999507e-02
3.652294999999999847e-02
3.301675000000000443e-02
3.918317999999999107e-02
1.987377000000000934e-02
4.225004000000000259e-02
2.643588499999999925e-02
7.541094999999993324e-03
1.373821000000000243e-02
2.519982999999999598e-02
4.305490750000000311e-02
3.071316749999999582e-02
3.030917499999999723e-02
4.491521899999999928e-02
3.331468599999999614e-02
6.268456849999999581e-02
4.223013949999999961e-02
1.482101499999999641e-02
1.228711000000000039e-02
6.446450000000001138e-03
7.444555000000001137e-03
2.031221000000000415e-02
1.703267300000000373e-01
7.173438499999999773e-02
4.889675500000000702e-02
2.956662499999999916e-02
2.290517500000000331e-02
9.268539999999998724e-02
8.211097150000000455e-02
1.326560324999999929e-01
5.562985500000001277e-02
4.349722799999999889e-02
3.529086099999999976e-02
5.355792399999999287e-02
5.578061500000000561e-02
3.283132500000001536e-02
3.897295000000006344e-03
3.446332999999998647e-02
3.555955000000000227e-02
3.346255000000000063e-02
1.245500999999999553e-02
3.054983999999999131e-02
1.723507000000000511e-02
1.569012500000000268e-02
1.360461499999998831e-02
3.985256000000000909e-02
4.356798999999998007e-02
3.180424999999998531e-02
7.847110999999999670e-02
4.956795999999999425e-02
7.102520999999999141e-02
4.526110000000001243e-02
7.010610000000000452e-02
1.771199999999999164e-02
7.535884999999999112e-02
2.319633999999999238e-02
4.250258999999997900e-02
1.635830000000001311e-02
4.082390000000001018e-02
2.051754000000005282e-02
7.873131000000001267e-02
8.005697999999999981e-02
7.056661999999999657e-02
