FramewiseDisplacement
4.296955000000000219e-02
8.942109999999998948e-02
1.498136800000000046e-01
2.532274000000001718e-02
8.987822999999998952e-02
8.601757499999995726e-02
2.985492499999999744e-02
3.864210000000000561e-02
1.858344999999998054e-02
2.170669499999998767e-02
7.191773999999999389e-02
3.046608500000000386e-02
9.730474000000000068e-02
3.126299999999999912e-02
5.696060000000000012e-02
3.423104999999999898e-02
1.038139000000000006e-01
1.052130050000000122e-01
3.819168500000000299e-02
3.063230000000000466e-02
5.285229499999999359e-02
1.921316550000000123e-01
2.088195800000000046e-01
3.230579999999999563e-02
4.742994999999999850e-02
1.290792599999999735e-01
7.358931499999998849e-02
2.625268499999999783e-02
2.135483999999999993e-02
4.184678999999999482e-02
3.819749999999998841e-02
5.046559000000000461e-02
3.577799000000000257e-02
2.911951999999999943e-02
1.575604000000000240e-02
4.218506999999999812e-02
3.834665999999999769e-02
6.362944999999999018e-02
1.574815499999999979e-02
2.439277299999999954e-02
5.921300300000000016e-02
8.028013500000000247e-02
3.663174000000000291e-02
3.403178500000000190e-02
2.985034999999999772e-02
3.115466499999999805e-02
6.223698999999998510e-02
6.094142000000000309e-02
3.152910849999999987e-02
6.080033849999999518e-02
2.008311500000000208e-02
3.525926999999999534e-02
1.698279449999999802e-01
9.793966000000001171e-02
9.215296500000000335e-02
1.866349999999999953e-02
5.884838500000000305e-02
2.472279450000000045e-01
2.367698149999999946e-01
1.314138649999999908e-01
1.252651800000000037e-01
9.370734899999999534e-02
1.302226039999999918e-01
6.462216899999999320e-02
6.096988600000000091e-02
3.868180499999998578e-02
6.789762000000001962e-02
5.326450999999999408e-02
4.770915000000000572e-02
2.800009000000000525e-02
3.640266500000000072e-02
3.829231999999999775e-02
3.315517500000000894e-02
2.105254999999998239e-02
3.950145499999997700e-02
2.605333000000000995e-02
6.170926499999999232e-02
6.529409499999999644e-02
5.325587000000001070e-02
8.455734999999998946e-02
1.278907349999999776e-01
1.104509849999999876e-01
1.529305749999999853e-01
1.234740000000000004e-01
1.895591499999999818e-01
4.018898499999998958e-02
2.644741500000000189e-02
7.219577999999998719e-02
5.460923000000000166e-02
9.108599999999984070e-03
3.631265000000000881e-02
4.752389349999999735e-02
4.365549349999997553e-02
3.342169999999999169e-02
5.874275000000001717e-02
6.757339999999997793e-02
7.023654999999999482e-02
8.452999999999999403e-02
6.555770000000001041e-02
