FramewiseDisplacement
7.459454999999998170e-02
8.301930000000000420e-02
1.204175499999999982e-01
4.081569999999998255e-02
5.213915000000001604e-02
4.065780000000000088e-02
7.717304999999999304e-02
4.512020000000001307e-02
8.048350000000004459e-03
6.306725000000000525e-02
4.930854999999999960e-02
2.272249999999999270e-02
6.834754999999999303e-02
4.351785000000001069e-02
6.013875000000001858e-02
7.789930999999999939e-02
4.049352000000001200e-02
6.001792999999999711e-02
5.109004000000000323e-02
6.798820999999999337e-02
6.668462000000000001e-02
5.644122000000000722e-02
2.398534999999999556e-02
3.783734000000000403e-02
1.591206999999999344e-02
1.090264500000000247e-01
4.205832000000000320e-02
5.150372000000000283e-02
2.745948000000000833e-02
4.146751000000000603e-02
2.345250000000000112e-02
1.552262000000000433e-02
6.743730000000001598e-03
2.298010000000000677e-02
4.177454999999999363e-02
6.603504000000000318e-02
3.498360999999999832e-02
2.537757999999999681e-02
3.035248499999999849e-02
4.319694000000001005e-02
1.636419999999999819e-01
1.114786049999999945e-01
2.898864500000000038e-02
6.699241350000000039e-02
4.125523650000000736e-02
6.151761000000000035e-02
3.276288299999999959e-02
6.088359700000000457e-02
5.677946999999999855e-02
4.020745199999999769e-02
3.686182799999999926e-02
8.300513000000001029e-02
2.556347500000000217e-02
3.591731500000000521e-02
2.759432499999999941e-02
7.300301000000000706e-02
6.633377999999999497e-02
5.759881000000000029e-02
6.645393999999998913e-02
5.029751999999999834e-02
4.061685000000000295e-02
5.138286000000000242e-02
3.900196999999999692e-02
3.848076999999999748e-02
4.700656000000000279e-02
3.486665199999999798e-02
3.300376800000000971e-02
3.892523000000001898e-02
5.216731000000000146e-02
2.885691000000000297e-02
2.313399999999999831e-02
5.548072000000001114e-02
3.420505999999999547e-02
5.392419999999999852e-02
7.047639999999999461e-02
6.628894999999998539e-02
5.049839999999999191e-02
3.131677970000000533e-02
4.191583870000000628e-02
8.013328100000000065e-02
8.130068000000000017e-02
2.008600699999999600e-02
4.264667300000000300e-02
3.331514999999999477e-02
6.994250000000000467e-02
5.733683399999999625e-02
5.955837399999998338e-02
3.146468999999999655e-02
6.380450999999998096e-02
7.706338000000000077e-02
2.224869999999999626e-02
5.989328000000000707e-02
5.343287000000001424e-02
4.323314999999999103e-02
3.649584999999998941e-02
4.486379999999998841e-02
2.881614999999997789e-02
7.668000000000001204e-02
4.293832800000001171e-02
