FramewiseDisplacement
5.071375770000000061e-02
6.321562270000000150e-02
2.229228500000000543e-02
2.482245000000000285e-02
4.133470000000000893e-02
2.362881396100000031e-01
6.132563440999998922e-02
2.601421052000000289e-01
7.647797500000000359e-02
5.213413700000000400e-02
2.581954700000000519e-02
9.494652500000000384e-02
2.436787039999999960e-01
2.291839440000000006e-01
2.761852299999999899e-02
1.075709030000000094e-01
5.255354999999999749e-02
7.920834000000000208e-02
9.183542000000000094e-02
3.209288599999999825e-01
1.109880500000000048e-01
2.421031800000000012e-01
5.415576999999999891e-02
9.522851499999998581e-02
2.324420150000000018e-01
1.007509000000000043e-01
3.054739999999999539e-02
6.224829999999998559e-02
1.351185400000000092e-01
3.943984250000000247e-02
2.237438649999999585e-02
3.921979100000000384e-02
4.394263000000001029e-02
7.619019499999998835e-02
5.563521500000000869e-02
8.255548900000000967e-02
6.109880399999999268e-02
1.198677850000000183e-01
9.639358500000000385e-02
3.331514499999999046e-02
3.113967500000000901e-02
1.051950600000000069e-01
1.636366900000000013e-01
6.134226000000000262e-02
5.188944000000000195e-02
1.502064150000000098e-01
2.045312150000000162e-01
1.336209699999999778e-01
5.839245500000000283e-02
3.628540200000000132e-02
3.665307400000000077e-02
9.489840999999998861e-02
6.748626999999998710e-02
3.362879800000000141e-02
5.653936799999999263e-02
3.438346999999999237e-02
5.284435399999998922e-02
1.119291909999999973e-01
1.960659349999999967e-01
9.611920499999998535e-02
1.550528650000000119e-01
1.053685200000000211e-01
6.574691000000000562e-02
7.682023000000000323e-02
2.342263800000000395e-01
3.159227199999999902e-01
5.106638000000000149e-02
9.746399000000000035e-02
5.911235000000000100e-02
9.956254999999998578e-02
4.531448499999999463e-02
6.857879999999999532e-02
3.424751500000000615e-02
3.272644499999999290e-02
5.128213949999999716e-02
2.312291050000000320e-02
6.733687499999999049e-02
1.846482999999999458e-02
2.828594999999999721e-02
2.119802000000000144e-02
9.929033000000000997e-02
8.941955000000001430e-02
9.448584999999999623e-02
8.743468000000001461e-02
4.325370599999999593e-02
7.405687400000000864e-02
1.046867999999999965e-01
6.107276000000001065e-02
2.061038999999999927e-02
7.631719999999998783e-02
1.101580999999999949e-01
4.449130000000000446e-02
1.109517780000000009e-01
2.133225200000000293e-02
1.050832299999999858e-01
8.900927999999999618e-02
1.774645350000000343e-01
1.928105099999999905e-01
1.054812549999999960e-01
