FramewiseDisplacement
6.362607000000000679e-02
3.156814000000000148e-02
2.155365000000000059e-02
6.568712000000000162e-02
4.549241000000000396e-02
2.932970000000000368e-02
8.340030999999999139e-02
4.062409000000000159e-02
8.819971499999999798e-02
6.255474500000000881e-02
4.569024000000000002e-02
4.335053499999999560e-02
4.498725999999999420e-02
4.098548999999999942e-02
6.689472000000000473e-02
7.411193500000000378e-02
7.058474999999998778e-02
7.218793499999999475e-02
6.447934499999999347e-02
7.875957999999999570e-02
5.228747499999999993e-02
3.167874500000000121e-02
1.148283099999999890e-02
8.030500900000001052e-02
1.590287900000000032e-01
7.079337500000000560e-02
5.283122499999999555e-02
5.098574999999999635e-02
5.191309499999999938e-02
3.318017499999999925e-02
2.187804499999999874e-02
3.657330100000000250e-02
6.218376399999999554e-02
5.201114999999999211e-02
8.154821500000000722e-02
7.231139500000000053e-02
5.238802000000000042e-02
6.230670499999999695e-02
2.124058499999999933e-02
3.298866000000000298e-02
4.600877000000000439e-02
1.333639999999999826e-02
4.860414500000000138e-02
1.953740499999999727e-02
5.137360000000000537e-02
2.439296999999999993e-02
7.047679999999999223e-02
5.120435999999999044e-02
4.069321000000000743e-02
3.959328500000000584e-02
3.146971999999999964e-02
2.980168999999999874e-02
4.122081499999999399e-02
1.974021999999999583e-02
2.823221000000000411e-02
4.635430500000000537e-02
1.152152750000000059e-01
1.280030700000000243e-01
9.736120000000000885e-02
8.806407500000000554e-02
3.497325000000000433e-02
3.163225000000000064e-02
3.712439000000000711e-02
3.886148500000000117e-02
7.652523499999999701e-02
6.056595149999999955e-02
9.696522650000000132e-02
4.234275999999999318e-02
4.650889999999999191e-02
2.050757500000000011e-02
2.257623500000000005e-02
4.673233999999999722e-02
2.082423500000000344e-02
2.904889500000000166e-02
4.582669000000000326e-02
3.469609500000000318e-02
7.299527499999999836e-02
4.228000500000000245e-02
2.521963999999999803e-02
8.975249999999997119e-03
1.355405499999999541e-02
2.422412499999999913e-02
8.793282500000000612e-02
4.002558999999999978e-02
6.978900000000000381e-02
7.973239000000000021e-02
2.708467500000001291e-02
5.460126500000000299e-02
5.219394000000000117e-02
6.353622500000000173e-02
5.276280500000000984e-02
7.741594999999999727e-02
7.015973899999998487e-02
1.032733409999999907e-01
2.527704299999999904e-02
3.837016499999999775e-02
3.869745200000000024e-02
7.264265500000001430e-02
4.702647839999999496e-02
