FramewiseDisplacement
3.524704999999998811e-02
5.966630000000004014e-02
2.283935000000000479e-02
3.072970000000000215e-02
1.702720000000002010e-02
2.123185000000001044e-02
4.670999999999999458e-02
3.077794999999999490e-02
3.190334999999998311e-02
4.531606499999999427e-01
6.086458000000000146e-01
5.362612000000001045e-01
7.218869999999998066e-02
5.190939999999999444e-02
2.075990000000000127e-02
8.838139999999995722e-02
5.187210000000004595e-02
2.881290000000000934e-02
6.900834999999998220e-02
3.333554999999999158e-02
2.848719999999999725e-02
6.782404999999999684e-02
2.512034999999999269e-02
3.380675000000001734e-02
3.201034999999999298e-02
8.570310000000000428e-02
1.812735994999999933e-01
2.438620494999999833e-01
3.166429000000000465e-02
3.562521999999999911e-02
4.078348500000000126e-02
2.868309450000000038e-01
5.348221499999999962e-01
2.340435499999999891e-01
5.802245000000000319e-02
9.669184999999999586e-02
1.782959999999999823e-01
6.650825000000000486e-02
3.360636499999999915e-02
5.423361499999998503e-02
3.553267999999999704e-02
7.653445000000000387e-02
1.466701999999999589e-02
2.959433499999999939e-02
1.472816500000000313e-02
4.811710300000000134e-02
5.701260300000000891e-02
3.117012000000000255e-02
6.655098000000000957e-02
3.835593149999999563e-02
2.383249559999999628e-02
1.105884560000000051e-02
1.964587699999999909e-02
8.405389830000001283e-02
4.395293499999999853e-02
1.543324450000000368e-02
1.116209049999999925e-02
3.006974300000000294e-02
2.048071149999999840e-02
9.263479499999997813e-03
1.647901040000000067e-02
1.351222369999999576e-02
1.525585239999999870e-02
1.740561169999999686e-02
1.842661999999999078e-02
3.593086950000001084e-02
1.657092450000000050e-02
1.563275790000000914e-02
1.820471709999999660e-02
2.932571500000000220e-02
1.765402500000000374e-02
2.428723090000000501e-02
2.449957089999999990e-02
3.673327680000000595e-02
2.637822500000000514e-02
2.985279499999998754e-02
1.417754999999999710e-02
1.821616400000000691e-02
1.511389600000000166e-02
2.107644399999999973e-02
2.708529700000000123e-02
3.347194300000000400e-02
2.499320500000000791e-02
3.735884499999999470e-02
2.544713999999999310e-02
8.845360000000001763e-03
2.221854000000000190e-02
3.060326000000000018e-02
3.476032999999999901e-02
2.320953999999999379e-02
1.975647999999999987e-02
2.181146499999999863e-02
2.254638499999999865e-02
3.618062999999999141e-02
1.272260000000000404e-02
3.233153999999999889e-02
3.119140000000001148e-02
4.905831000000000081e-02
3.161509999999999321e-02
