FramewiseDisplacement
3.380587499999999218e-02
2.648467999999998268e-02
5.250149999999995098e-02
3.343594999999998513e-02
5.988945000000001073e-02
7.965284999999999727e-02
5.903224999999995976e-02
3.166104999999999614e-02
3.238479999999999831e-02
2.474210000000004461e-02
5.836699999999998140e-02
3.369535000000000585e-02
1.801955000000001611e-02
5.471318999999999488e-02
2.632552500000000933e-02
2.308428999999998996e-02
1.311282499999998075e-02
3.080257999999998914e-02
5.384039500000002004e-02
3.245367500000000821e-02
3.263965499999998271e-02
4.727340500000003221e-02
4.196075000000000499e-02
4.734361499999997780e-02
4.211121500000000739e-02
1.716800000000000270e-02
4.037024999999999642e-02
2.174094999999998806e-02
2.846823500000002227e-02
4.490343500000000543e-02
3.482995000000001923e-02
3.707740000000000341e-02
5.346620000000003314e-02
4.221898499999997278e-02
3.154966500000001145e-02
1.953287999999999205e-02
4.948377000000001719e-02
5.732482000000000549e-02
2.578113000000000626e-02
1.272233999999999518e-02
2.495420499999999667e-02
4.378846499999999170e-02
1.930833000000000202e-02
4.953549999999999620e-02
3.614154499999999715e-02
4.509282499999999611e-02
2.597086999999999660e-02
4.618962000000000068e-02
5.551425699999999741e-02
3.805734850000000447e-02
2.671901650000000142e-02
2.558540200000000014e-02
1.798697200000000038e-02
1.754768500000000037e-02
2.600402500000000006e-02
1.728057000000000204e-02
1.910094499999999765e-02
2.198071799999999978e-02
2.189045200000000468e-02
2.699085000000000373e-02
3.225954999999999795e-02
3.093620000000000397e-02
3.713204999999999978e-02
2.834397999999999779e-02
2.885703000000001267e-02
3.743399999999998812e-02
3.004210000000000561e-02
1.890345000000000220e-02
1.395465000000001635e-02
1.373775000000000170e-02
1.712145000000000680e-02
1.517505000000000243e-02
1.926674999999999915e-02
3.593595000000001510e-02
2.811790000000000470e-02
1.703755999999999673e-02
2.095157499999999312e-02
1.015228500000000221e-02
4.432336500000000346e-02
2.831670500000000451e-02
4.179117500000000679e-02
2.971758499999999775e-02
3.499381500000001838e-02
1.909557500000001046e-02
3.243011999999999284e-02
3.160420499999999633e-02
3.141167500000000001e-02
4.194898500000001501e-02
1.670116499999996923e-02
1.414069950000000631e-02
4.844989949999999740e-02
1.781055000000000832e-02
3.958430000000002363e-02
4.404235000000002176e-02
5.193700000000001094e-02
1.022320200000000068e-01
5.374906999999999602e-02
5.062700000000000533e-02
4.461084999999999356e-02
