FramewiseDisplacement
9.874175500000002825e-02
9.156932999999999045e-02
9.119751099999998112e-02
4.262049100000007973e-02
4.667695000000005728e-02
1.295840400000000114e-01
8.210765000000000424e-02
3.756390000000001811e-02
1.177274799999999677e-01
4.166275999999998619e-02
2.873610000000002829e-02
1.948359500000000077e-01
6.740424999999998501e-02
5.406435000000001101e-02
9.682640000000004854e-02
6.001314999999995958e-02
9.699500000000001176e-02
4.087250000000001299e-02
4.605519999999993508e-02
7.924704999999999944e-02
4.810425499999999577e-01
2.583014999999999617e-01
4.760649000000000131e-01
5.573872908000000459e-01
1.995469092000000111e-01
1.225092200000000020e-01
2.246746799999999600e-01
2.231368499999999977e-01
8.213179999999999092e-02
1.959106999999999932e-01
9.138690000000000702e-02
8.841290000000000260e-02
4.139709999999999224e-02
3.203371999999999886e-01
3.313578049999999386e+00
2.851549999999998253e-01
1.450120000000000575e-01
9.877550000000012709e-02
2.038574999999999970e-01
2.128034999999999788e-01
1.295457000000000081e+00
4.841410000000000435e-01
3.655528000000000111e-01
5.719140500000000626e-01
3.178342600000000351e-01
2.561302599999999985e-01
7.950568999999998998e-02
2.579140400000000111e-01
1.685812850000000251e-01
1.286524249999999869e-01
1.413129949999999968e-01
1.191908249999999725e-01
1.102202400000000110e-01
1.027306200000000086e-01
6.887303500000002687e-02
6.481404000000000332e-02
3.532782749999999750e-01
1.867988250000000017e-01
1.205230455000000089e-01
1.453732895000000025e-01
5.291348999999999636e-01
3.290869499999999892e-01
6.562234999999999596e-02
1.061681500000000167e-01
1.151194599999999790e-01
3.735963999999999258e-02
2.363003499999999923e-01
1.260467500000000129e-01
9.327480000000000493e-02
4.859621370000000856e-02
2.884118636999999929e-01
1.260116099999999961e-01
7.072940999999999256e-02
9.026554000000000522e-02
3.270420999999999745e-02
1.166527900000000062e-01
8.657523999999999775e-02
4.641952999999999774e-01
2.154661999999999966e-01
3.887948499999999696e-01
1.762294599999999767e-01
9.438791000000000542e-02
9.531255000000000976e-02
1.568941499999999545e-01
5.634475975000000636e-01
2.182015025000000052e-01
2.658483690000000288e-01
2.323332689999999534e-01
1.833030999999999966e-01
3.691410000000001079e-01
2.797661599999999860e-01
1.151227399999999873e-01
6.365650000000001862e-02
1.031218999999999886e-01
1.729394099999999324e-01
7.861411000000000093e-02
2.067701999999999873e-01
1.203273999999999594e-01
1.247194000000000219e-01
