FramewiseDisplacement
2.002880000000002714e-02
3.378545000000001547e-02
2.582059999999999217e-02
1.306470000000000027e-02
3.589745499999999478e-02
2.832414999999999239e-02
1.481928500000000495e-02
1.554521499999998897e-02
2.922095499999999985e-02
2.336659499999999001e-02
2.950583500000000109e-02
2.015092700000001291e-02
3.294457199999999142e-02
1.068786000000000042e-02
2.013654000000000485e-02
2.107082000000000399e-02
2.046334999999999127e-02
1.112339999999999683e-02
5.269634999999998903e-02
3.761693499999999718e-02
2.384506500000000556e-02
2.605531499999999556e-02
9.589935000000000820e-03
3.149425500000000572e-02
3.715774999999999634e-02
1.841748799999999922e-02
2.250460800000000927e-02
1.276209000000000197e-02
4.722040999999999739e-02
2.443317000000000058e-02
1.577838499999999894e-02
5.289140599999996202e-03
3.541537060000000264e-02
3.821693999999999786e-02
2.280924499999999536e-02
1.988210999999999798e-02
4.368984000000000756e-02
3.533200000000000229e-02
3.140201000000000797e-02
2.127326999999999690e-02
2.763539500000000010e-02
1.751975500000000144e-02
4.325852449999999932e-02
4.034598049999999630e-02
2.647502200000000083e-02
4.984759700000000737e-02
3.538919000000000092e-02
3.100402000000000019e-02
2.062177999999999928e-02
4.666624899999999992e-02
2.684022600000000522e-02
2.999480500000000285e-02
2.485322799999999804e-02
1.566490999999999717e-02
2.712109949999999894e-02
2.380757249999999881e-02
1.723564400000000135e-02
3.794806550000000278e-02
3.884493649999999632e-02
1.742793000000000120e-02
2.643051499999999818e-02
6.886783500000000224e-02
3.212508999999999504e-02
2.844984999999999181e-02
1.721349499999999533e-02
1.236269999999999730e-02
8.118879999999996724e-03
2.300307499999999783e-02
1.046179500000000116e-02
1.341615000000000169e-02
1.992279499999999662e-02
2.389360500000000873e-02
4.409355499999999956e-02
2.743493999999998753e-02
2.494129499999998834e-02
2.601269999999999971e-02
2.221107000000000636e-02
3.322897000000000350e-02
3.822936500000000126e-02
2.947861599999999221e-02
2.578281599999999313e-02
8.421249999999992977e-03
2.916379549999999904e-02
3.377684549999999952e-02
1.446154999999999489e-02
2.844380000000000172e-02
1.400279999999999754e-02
2.222905000000001061e-02
1.301989999999999745e-02
3.886636500000000688e-02
8.713709499999999775e-02
1.345656000000000074e-01
3.853820000000000162e-02
3.088815000000001004e-02
2.011489999999999112e-02
2.072164999999999077e-02
2.567559499999999897e-02
3.320839500000000860e-02
3.513789999999999275e-02
