FramewiseDisplacement
5.039550000000000279e-02
1.148159999999999806e-02
2.661145000000000871e-02
2.668914999999999135e-02
4.050305000000001265e-02
4.503279999999999783e-02
2.020444999999999880e-02
1.937574999999999367e-02
2.410780000000000561e-02
2.778444999999999526e-02
4.189399999999999374e-02
3.989220000000001654e-02
5.088154999999999067e-02
2.176269999999997859e-02
4.165015000000000384e-02
3.421964999999999035e-02
2.061394999999999894e-02
4.127275000000001776e-02
8.538024999999999087e-02
2.978690000000000851e-02
4.272315000000000140e-02
3.016275000000000900e-02
3.892385000000000983e-02
2.746794999999999445e-02
3.235984999999999556e-02
2.847699999999999537e-02
2.726709999999999551e-02
1.917189999999999520e-02
6.265439999999999898e-02
5.449609999999999871e-02
9.274229999999998586e-02
4.355914999999998399e-02
2.657379999999998771e-02
3.836729999999998614e-02
2.741435000000000399e-02
3.120344999999999369e-02
4.831614999999998133e-02
4.204623000000000388e-02
1.852955499999999756e-01
6.437067999999999957e-02
5.862902000000000391e-02
8.463002999999999498e-02
9.089728999999999171e-02
7.587117000000000167e-02
3.428625000000000422e-02
4.741175999999999724e-02
3.751809999999999867e-02
1.504184000000000250e-02
1.421257000000000076e-02
3.962481550000000047e-02
7.169924949999999242e-02
1.053067169999999941e-01
3.523539950000000032e-02
5.410845300000000080e-02
1.061605764999999924e-01
6.859009250000000502e-02
1.858154375000000136e-01
6.545436500000001434e-01
4.797424000000000133e-01
2.365940999999999739e-01
4.395194500000000337e-01
1.592434500000000086e-01
6.342699999999995564e-02
1.919040000000000329e-02
5.392185000000002115e-02
6.955320000000000946e-02
6.605094999999998329e-02
4.114159999999997264e-02
5.914124999999999244e-02
5.280939999999999246e-02
6.982850000000001556e-02
5.645984999999999893e-02
4.806400000000002337e-02
1.573192949999999701e-01
1.270002450000000116e-01
5.236014999999998032e-02
5.151109999999999023e-02
8.383644999999996517e-02
3.874145000000001754e-02
1.087637999999999938e-01
1.635676500000000089e-01
1.903556499999999874e-01
3.108549999999999855e-02
3.544710000000000222e-02
4.682964999999999350e-02
4.309355000000002212e-02
4.641169999999999324e-02
9.142314999999999470e-02
6.922284999999998856e-02
4.319540000000000185e-02
7.333070000000001254e-02
6.618250000000000521e-02
4.394300000000001677e-02
5.479049999999999893e-02
5.541385000000001448e-02
5.440329999999999472e-02
2.696858249999999346e-01
1.933007750000000080e-01
1.845853499999999814e-01
