FramewiseDisplacement
2.671999849999999802e-02
1.648975050000001108e-02
3.951190800000000530e-02
2.795200800000000735e-02
3.638367800000000263e-02
2.919712499999999739e-02
3.178609999999998381e-02
2.320115300000000214e-02
2.502273800000000270e-02
2.297601799999999042e-02
3.393938999999999984e-02
5.736894299999999863e-02
3.118291000000000118e-02
2.703079300000000088e-02
1.964166300000000365e-02
1.972127999999999381e-02
2.023144999999999111e-02
3.010010999999999590e-02
4.759320000000000217e-02
4.994943999999999079e-02
6.510723999999999678e-02
3.570681000000000549e-02
5.084677999999999420e-02
4.524476000000000192e-02
4.844896999999999399e-02
4.123606999999999967e-02
3.732182000000000555e-02
3.902039999999999675e-02
2.739845999999999948e-02
5.129291499999999449e-02
2.552977500000000455e-02
6.102460999999999997e-02
1.279658399999999974e-01
9.851512999999999243e-02
3.708849000000000173e-02
8.430665000000001075e-02
9.286460999999998633e-02
4.570150000000001121e-03
8.471549999999997832e-03
4.298565999999998805e-02
1.976905999999999802e-02
6.042298499999999850e-02
4.970628500000000283e-02
2.418975000000000292e-02
7.118553999999999160e-02
1.654250999999999638e-02
2.483244999999999550e-02
5.479975000000000818e-02
4.434829200000000443e-02
3.172637780500000421e-02
3.085541080500000047e-02
2.608020700000000108e-02
2.115470020000000395e-01
2.082458500000000101e-01
2.281846000000000152e-01
7.580215000000001258e-02
3.517039999999999056e-02
7.914769000000002053e-02
4.018250300000000830e-02
4.237476299999999585e-02
3.037409999999999763e-02
4.065820000000001239e-02
4.576415999999999124e-02
2.357939300000000404e-02
4.444416699999999970e-02
3.888169999999999127e-02
6.693240000000000300e-02
1.261890000000000928e-02
1.961160000000000334e-02
1.939272999999998998e-02
4.605382999999999005e-02
6.359107000000001342e-02
7.240317000000001668e-02
3.716950000000000809e-02
2.097034999999999524e-02
2.989587000000000147e-02
3.631068999999998576e-02
3.514644000000000101e-02
1.471165500000000577e-02
1.591846000000000580e-02
1.713639500000000565e-02
2.165615999999999375e-02
1.734948500000000129e-02
5.395774499999999446e-02
4.105606999999999313e-02
5.494511499999999576e-02
5.248301500000000092e-02
4.192957499999999671e-02
4.485572499999999213e-02
5.962859999999998994e-02
3.328806500000001251e-02
1.482514500000000311e-02
2.124780000000000765e-02
5.271313999999999167e-02
5.392660799999999394e-02
2.997508799999999696e-02
3.723497000000000612e-02
3.102243000000001402e-02
1.891803400000000024e-02
