FramewiseDisplacement
8.115300000000003067e-02
9.088670000000001470e-02
2.239539999999997505e-02
2.696904999999999789e-02
5.218914999999998972e-02
2.989294999999997718e-02
3.384825000000000333e-02
3.284865000000000007e-02
3.953395500000000257e-02
6.229485500000000314e-02
8.980895000000001238e-02
7.541530500000001580e-02
3.424057999999998575e-02
3.993071499999998469e-02
5.304165000000000962e-02
1.848390000000000796e-02
2.067384999999998321e-02
3.430780000000000635e-02
4.295989999999998143e-02
1.005370000000000048e-02
7.458724999999999383e-02
5.511194999999999289e-02
6.874686999999998771e-02
6.246016999999997460e-02
4.214520000000000072e-02
5.830727000000002214e-02
8.495052000000000159e-02
4.509024999999999839e-02
5.339000000000002077e-02
3.918429999999999136e-02
5.829247500000000332e-02
4.887792500000000262e-02
6.459839999999998639e-02
5.576124999999999832e-02
4.443900000000000627e-02
4.720893000000000311e-02
9.893834999999999436e-02
1.342755049999999895e-01
6.300342500000000179e-02
3.894846999999999893e-02
2.620000000000000107e-02
5.148869999999999836e-02
3.433795000000000597e-02
7.194719999999998894e-02
2.668948999999999974e-02
7.383290000000000686e-02
7.444457000000000158e-02
4.621650000000000064e-02
2.471430200000000049e-02
3.593468400000000146e-02
1.101677075000000172e-01
3.462922150000000837e-02
6.939378000000000213e-02
6.537337000000000009e-02
8.729512999999999856e-02
9.225259999999999017e-02
8.112157999999999869e-02
5.991701000000000665e-02
3.809189999999999798e-02
3.658807000000000031e-02
7.491622000000000559e-02
5.940137000000000889e-02
9.619805000000000716e-02
6.442214999999999747e-02
7.089323999999999626e-02
7.739706000000000363e-02
4.770301000000000402e-02
3.294250000000001344e-02
3.113640000000001892e-02
2.554465000000000208e-02
3.899713999999999958e-02
4.452624000000002247e-02
9.314575000000001326e-02
1.152403699999999809e-01
5.008842000000002237e-02
4.366542999999998426e-02
4.811848000000002595e-02
1.019638500000000225e-01
2.042455000000000659e-02
3.562685000000001545e-02
3.832259999999999139e-02
3.711285000000000278e-02
7.530373999999998014e-02
4.966213999999998657e-02
5.042125000000000773e-02
3.327475000000001265e-02
6.114069999999997840e-02
3.142595000000000111e-02
1.140675799999999740e-01
1.226100799999999824e-01
8.382919999999997873e-02
7.494159999999999711e-02
6.864934999999999787e-02
6.587877000000001704e-02
4.919137000000001897e-02
3.694326000000001942e-02
5.167626000000002245e-02
5.505490000000000383e-02
3.378730000000000622e-02
