FramewiseDisplacement
1.312044999999999462e-01
1.548634500000000136e-01
2.838272999999999491e-01
1.746991600000000200e-01
1.143182099999999340e-01
1.360293000000000474e-01
9.473499999999998589e-02
1.444186000000000913e-01
1.479765000000000663e-01
2.660640499999999964e-01
2.840485999999999844e-01
2.312705999999999928e-01
2.031938349999999616e-01
3.030054850000000743e-01
2.029404449999999693e-01
2.074072550000000126e-01
2.294904799999999967e-01
6.633485000000000076e-02
7.151430999999998372e-02
1.209434000000000620e-01
3.464194194999999921e-01
2.523133195000000217e-01
1.274432499999999802e-01
3.442771499999999762e-01
1.556702500000000378e-01
1.099691099999999810e-01
5.794502999999999460e-02
3.875273349999999034e-02
1.061084234999999931e-01
1.160619864999999917e-01
1.157918135000000071e-01
4.439370500000000552e-01
2.988086000000000353e-01
2.241052800000000733e-01
1.213261000000000062e-01
2.666456799999999960e-01
1.483337500000000142e-01
5.219520000000001797e-02
3.815748950000000805e-01
2.377186000000000021e-01
3.230107549999999828e-01
2.038321800000000295e-01
1.095050939999999834e-01
9.411697600000001884e-02
2.999466000000000077e-01
1.394267799999999724e-01
1.512644499999999947e-01
1.408758399999999744e-01
2.643412299999999826e-01
1.152742279999999925e-01
8.994655000000000011e-02
1.013731299999999919e-01
1.690299700000000016e-01
8.493725500000000317e-02
1.189223400000000014e-01
6.145593499999998932e-02
1.099656099999999914e-01
9.139994000000001284e-02
1.149728399999999928e-01
9.548685499999999549e-02
1.063899650000000030e-01
5.698264600000000485e-02
2.840205600000000191e-02
1.233008499999999896e-01
1.568222000000000227e-01
1.565612850000000222e-01
1.566217650000000239e-01
1.407106200000000085e-01
6.090818500000000357e-02
1.548002249999999858e-01
9.754604499999999789e-02
1.294208500000000317e-01
2.189650549999999640e-01
4.834074999999997402e-02
2.238138000000000072e-01
1.153648494999999913e-01
5.869112449999999703e-02
5.628226500000000493e-02
1.137305450000000023e-01
5.302919500000000119e-02
4.427339999999998360e-02
2.478710000000000635e-02
6.305269499999999194e-02
3.439615000000002809e-02
5.579795000000001282e-02
8.060019500000001336e-02
3.388254999999998351e-02
3.256152000000000490e-01
2.461493500000000167e-01
5.246985000000004007e-02
1.074564500000000367e-01
5.673070000000002278e-02
8.521694999999997189e-02
1.498104999999999298e-01
1.192309500000000022e-01
1.705351000000000505e-01
1.750778500000000071e-01
6.685170000000001389e-02
5.294400000000002576e-02
