FramewiseDisplacement
1.049474999999999575e-01
7.330050000000001842e-02
8.508200000000001872e-02
9.740680000000000172e-02
8.932640999999999498e-02
1.137870099999999940e-01
2.839747300000000085e-01
2.050019100000000372e-01
1.009093799999999930e-01
8.736419999999994745e-02
2.337587200000000032e-01
6.608090000000002573e-02
9.382814000000003207e-02
7.287581999999999394e-02
5.652929999999999067e-02
7.015582000000000762e-02
8.116117500000001594e-02
4.757104499999999236e-02
3.915133599999999769e-01
5.858959499999999432e-01
4.024762499999999799e-01
1.981973999999999958e-01
7.149049999999999849e-02
3.539961999999999831e-01
1.253030299999999542e-01
1.323250199999999877e-01
4.925338999999999412e-02
1.250553200000000253e-01
6.786139999999998840e-02
7.586550000000001626e-02
1.292984000000000078e-01
1.219030900000000056e-01
5.954995999999997125e-02
6.910805000000000420e-02
6.449224999999997321e-02
5.253325000000000355e-02
1.061027100000000167e-01
5.421404999999999280e-02
6.606995999999998315e-02
2.053963029999999745e-01
2.287896130000000028e-01
1.483423700000000012e-01
1.946490599999999849e-01
2.528919000000000028e-01
4.789335850000000505e-01
5.354345569999999777e-01
4.119133579999999517e-01
1.199821900000000163e-01
1.107839929999999973e-01
9.535556400000000377e-02
1.245874289999999995e-01
3.579412599999998862e-02
3.587406519999999932e-01
3.451295600000000019e-01
1.390442100000000014e-01
9.125612000000001001e-02
5.714203000000001031e-02
9.403898350000002015e-02
1.111877734999999756e-01
3.269309000000000798e-02
8.286425999999999514e-02
8.994046499999998334e-02
5.018278999999999795e-02
3.070156000000001661e-02
3.349240500000000287e-02
8.049402499999998295e-02
6.007962499999999068e-02
1.401183065000000394e-01
1.615341115000000494e-01
8.895042999999998312e-02
1.311613454999999984e-01
6.566509950000000428e-02
1.522462400000000049e-01
1.783092000000000010e-01
3.536888500000001656e-02
3.610265750000000717e-01
2.610958399999999680e-01
3.217382500000000034e-01
5.928852649999999391e-01
2.165116649999999920e-01
7.929554999999999243e-02
1.981015000000000414e-01
3.504241000000000161e-01
2.725684499999999622e-01
8.687309999999998089e-02
7.018379999999999064e-02
5.276544999999999153e-02
7.493875000000001230e-02
1.362917499999999893e-01
1.919620000000000215e-01
3.740324600000000110e-01
1.263253899999999819e-01
6.599897999999999876e-02
3.089424999999999810e-02
4.624645000000000838e-02
1.272354499999999999e-01
7.003114999999997259e-02
8.275469999999997273e-02
7.796010999999997138e-02
