FramewiseDisplacement
2.720677499999999902e-02
6.878172000000000452e-02
3.869015999999999428e-02
7.463365499999999320e-02
1.466769000000000579e-02
6.133960499999999150e-02
5.623620000000000702e-02
2.225342500000000029e-02
3.751645500000000411e-02
4.147203000000000694e-02
2.227169999999999497e-02
2.827589999999999618e-02
1.767434999999999840e-02
2.725069499999999839e-02
1.445630500000000609e-02
1.466174999999999944e-02
2.716939499999999896e-02
2.253245499999999638e-02
2.486630000000000090e-02
1.383149999999999831e-02
2.244130000000000083e-02
2.185760000000000133e-02
3.648864999999999748e-02
3.537727000000000233e-02
4.098314149999999351e-02
4.172334149999999686e-02
2.121917000000000247e-02
3.849024999999999669e-02
4.126703000000000315e-02
1.481301000000000145e-02
5.534058999999999506e-02
1.415757899999999792e-01
1.232048999999999922e-01
6.356282000000000598e-02
4.722233500000000417e-02
1.454537000000000017e-02
2.631143099999999971e-02
4.084883849999999816e-02
2.124449750000000081e-02
3.296933999999999976e-02
3.483747999999999706e-02
3.298907499999999271e-02
2.800384000000000206e-02
2.758867000000000264e-02
4.341465999999999381e-02
4.487417000000000489e-02
3.598120999999999958e-02
2.242466199999999799e-02
2.994492699999999966e-02
2.256955499999999809e-02
7.866096000000000199e-02
2.917988999999999306e-02
3.784648499999999915e-02
2.342198000000000196e-02
3.841934999999999881e-03
2.166632999999999754e-02
1.333381999999999623e-02
3.862532550000000175e-02
2.572292549999999692e-02
2.823598000000000080e-02
2.730052200000000068e-02
3.622953200000000179e-02
4.378044000000000380e-02
2.938194999999999696e-02
2.310345000000000454e-02
3.349475000000000369e-02
3.328220000000001177e-02
4.872660000000000879e-02
3.426446000000000353e-02
3.430287500000000350e-02
1.275615000000000429e-02
3.290338500000000027e-02
3.939092500000000718e-02
4.785182500000000061e-02
6.784666499999998657e-02
4.751413000000000164e-02
5.208393999999999524e-02
2.068611999999999881e-02
1.459332999999999464e-02
4.022338500000000039e-02
1.966648500000000438e-02
2.201826499999998826e-02
2.523999999999999855e-02
3.150524500000000117e-02
5.823837000000000458e-02
2.838623499999997843e-02
2.994264499999997955e-02
1.544690999999997691e-02
1.326927499999998664e-02
2.174057499999998769e-02
1.286562500000000553e-02
2.763667500000000291e-02
2.681030999999998998e-02
2.582980499999998694e-02
2.272440500000000654e-02
1.628398499999999041e-02
3.986772500000001357e-02
4.452118999999998133e-02
3.376873030000001469e-02
