FramewiseDisplacement
7.632880999999999694e-02
1.227061899999999928e-01
5.577994499999999745e-02
7.659857499999998820e-02
4.430653999999999842e-02
2.585550000000000348e-02
4.558415000000000383e-02
4.623952500000000354e-02
2.336633499999999503e-02
2.761498999999999898e-02
2.732234999999999525e-02
1.933134499999999978e-02
5.249334999999998724e-02
7.290313999999999128e-02
8.665178499999999506e-02
7.833029400000000864e-02
7.011917900000000370e-02
7.297290900000000247e-02
9.652178899999999673e-02
5.695413500000000295e-02
6.914855000000000307e-02
9.003616000000000397e-02
6.880989500000000980e-02
6.076168500000000278e-02
4.926261999999999308e-02
4.094022999999999413e-02
4.205014999999999448e-02
2.820456500000000782e-02
1.871256499999999698e-02
1.994024500000000574e-02
8.099651999999998853e-02
7.215842999999999563e-02
7.914512999999999410e-02
9.343514999999998072e-02
5.701831499999999997e-02
5.131840500000000443e-02
4.014616499999999755e-02
1.420901449999999872e-02
2.700245950000000270e-02
2.627235999999999808e-02
3.167157500000000042e-02
1.781733150000000265e-01
2.442784549999999499e-01
4.496157000000000625e-02
1.906313500000000188e-02
9.222350000000004155e-03
5.855494000000001364e-02
8.153368999999999200e-02
1.990742499999999596e-02
7.671823600000000909e-02
9.107440099999999927e-02
1.217598499999999855e-02
6.125088499999999103e-02
5.970772299999999727e-02
7.753736799999999540e-02
9.727750000000001673e-02
1.270938650000000003e-01
7.017710499999998963e-02
3.187402000000000291e-02
5.104548999999999892e-02
8.460005700000002016e-02
7.280086699999999134e-02
4.511303800000000114e-02
1.282890520000000145e-01
1.123626500000000084e-01
6.287160999999999444e-02
4.738821000000000006e-02
4.043455500000000397e-02
2.093746500000000232e-02
4.707207000000000752e-02
2.624799999999999703e-02
4.814719999999999417e-02
4.958051999999999598e-02
2.724698000000001091e-02
7.108526000000001122e-02
6.000885999999999720e-02
7.428116000000001273e-02
1.140234000000000039e-02
8.850556999999997787e-02
4.093564000000000230e-02
9.032452150000000457e-02
5.789892349999999771e-02
8.590197500000000541e-02
4.756566999999999740e-02
3.214341999999999200e-02
1.933505800000000219e-01
8.759065000000001988e-02
1.226611500000000243e-01
6.432567499999998495e-02
6.367435850000001396e-02
2.086679650000001704e-02
1.018007949999999856e-01
8.482388000000000428e-02
4.158561500000001326e-02
5.744157999999999209e-02
1.072503300000000187e-01
6.821996000000002391e-02
6.380286000000003066e-02
1.252449000000000964e-02
