FramewiseDisplacement
1.339604999999999269e-01
8.207839999999998193e-02
7.581140499999999838e-02
5.646606099999998407e-02
2.527206899999998035e-02
6.072031499999998305e-02
1.003420000000000423e-01
6.340238499999997779e-02
6.296988500000000322e-02
2.686889999999997336e-02
6.471513499999999308e-02
9.679050000000008480e-03
4.442876500000006446e-02
3.476594999999996216e-02
3.020394999999994473e-02
1.587940849999999460e-01
8.352578499999997741e-02
1.384684499999999929e-01
9.857858250000002542e-02
5.208712750000001057e-02
7.589094499999995969e-02
6.883815000000000073e-02
4.075129999999997643e-02
5.698825000000001806e-02
4.792449999999998794e-02
2.372052999999999662e-02
5.976726499999998610e-02
4.461686500000000555e-02
1.051577699999999976e-01
2.858480000000000742e-02
3.696858150000002091e-02
4.629843150000001462e-02
5.599765000000000298e-02
4.075804999999999706e-02
1.155429500000000193e-01
3.162430000000000796e-02
4.108805999999999570e-02
5.876333999999999724e-02
1.834785000000000582e-02
3.901543999999999845e-02
3.942036000000000151e-02
5.238887500000000141e-02
6.863857500000000722e-02
8.567856999999999557e-02
5.460812000000000999e-02
2.642485000000000320e-02
1.256693000000000046e-02
2.896467999999999612e-02
7.080896099999998972e-02
3.694805599999999995e-02
4.973540800000000178e-02
2.825756699999999733e-02
1.663379200000000002e-01
8.268264999999999643e-02
8.903505000000000447e-02
5.617719999999999658e-02
6.690854999999999719e-02
4.690755000000000619e-02
6.700755000000001294e-02
6.845969999999998445e-02
7.819534999999999680e-02
9.214429999999998455e-02
1.165143000000000012e-01
5.648499999999997967e-02
4.932980000000002085e-02
3.080450000000001243e-02
7.376440000000003550e-02
3.533320000000000211e-02
4.950580000000000258e-02
1.079078999999999733e-01
1.030820000000000208e-01
4.702179999999996085e-02
4.896360000000005153e-02
1.652932000000000290e-01
7.139309999999998713e-02
7.898863999999994334e-02
3.663145999999992825e-02
4.688065999999994904e-02
4.465095000000002951e-02
6.496569000000004812e-02
4.914421999999994684e-02
5.037075999999997972e-02
8.936537999999999426e-02
4.278380000000005234e-02
6.165050000000004554e-02
2.904810000000002113e-02
4.791000000000003589e-02
7.389379999999999560e-02
8.901889999999995640e-02
6.427650000000000030e-02
5.019691000000000569e-01
1.688568999999999765e-01
5.789489999999989506e-02
6.346340000000005865e-02
4.568789999999998269e-02
2.917599999999994503e-02
2.065520000000006101e-02
5.807650000000004475e-02
9.439519999999984590e-02
