FramewiseDisplacement
2.442208500000000171e-01
8.717020000000005875e-02
8.600360000000011051e-02
2.727195000000000036e-01
2.305360500000000479e-01
1.726697500000001217e-01
2.091405400000000692e-01
1.918469900000000783e-01
6.970844999999999125e-02
1.679031999999999747e-01
4.325337500000000501e-01
1.361844999999999306e-01
1.516153000000000917e-01
1.491461000000000314e-01
1.696043499999999871e-01
2.300377999999999590e-01
3.457422500000000842e-01
2.371464999999999823e-01
3.814157499999999978e-01
1.930870500000000101e-01
1.526430499999998913e-01
2.089409999999999601e-01
9.657914999999994698e-02
1.798347999999999891e-01
1.979299999999999671e-01
3.079207499999999653e-01
1.215738499999999833e-01
1.127780499999999769e-01
6.756583000000001560e-01
1.655468315000000024e+00
1.099212199999999862e-01
4.665258499999999642e-02
6.680179999999999452e-02
2.922913199999999795e-02
2.948308199999999032e-02
1.124731199999999959e-01
6.854608000000002310e-02
7.393344000000001692e-02
5.520771999999999485e-02
6.419575000000000975e-02
2.463269599999999837e-01
2.309071099999999988e-01
1.103919949999999928e-01
8.039941500000000185e-02
3.865612499999999258e-02
1.736769499999999897e-02
1.028770499999999977e-01
1.464387030000000034e-01
7.689671199999999207e-02
7.841812900000000308e-02
7.710796050000000290e-02
2.175835154999999910e-01
1.718527400000000038e-01
1.169805250000000019e-01
1.272764540000000111e-01
5.793846399999999508e-02
4.069034999999999319e-02
1.509492550000000044e-01
1.485824550000000022e-01
1.395283049999999914e-01
1.922174700000000014e-01
3.263569989999999810e-01
1.444452639999999899e-01
9.454507399999999284e-02
7.996682899999998928e-02
1.331748650000000034e-01
1.071683016999999960e-01
1.626604817000000536e-01
1.124283254999999954e-01
3.841873755000000390e-01
1.047555500000000306e-01
2.085319500000000215e-01
2.207295499999999966e-01
1.464559000000000000e-01
2.445558999999999927e-01
5.348929999999998963e-02
3.773720999999999881e-01
1.521849500000000410e-01
1.120141000000000886e-02
6.635117000000004261e-02
3.864314999999996642e-02
7.052763999999998867e-02
9.866945999999998662e-02
3.517980000000001106e-02
4.402519999999998657e-02
7.179591499999998794e-02
9.162011500000000197e-02
5.187159999999997606e-02
3.687480000000001312e-02
3.618984999999999563e-02
2.139768500000000240e-01
2.590947999999999585e-01
1.509438499999999905e-01
1.132549249999999841e+00
6.853449999999999820e-01
4.046540000000000137e-01
