FramewiseDisplacement
3.501364999999999339e-02
3.116603000000000429e-02
1.994282999999999126e-02
9.901849999999991561e-03
4.745820417370000266e-02
1.037484417369999821e-02
1.719882600000000039e-02
1.549213000000001714e-02
2.033463000000000284e-02
1.876751000000000807e-02
4.196518980000001064e-02
1.828936979999999310e-02
3.305709999999999205e-02
1.968697999999999629e-02
5.481639000000000650e-02
3.511328000000001059e-02
2.029675999999999703e-02
2.916964479999999138e-02
6.163682480000000352e-02
2.649489689000000467e-02
3.999638688999998526e-02
3.172875387999999491e-02
5.962090388000001323e-02
8.576170000000002749e-03
3.899156000000000843e-02
4.380853000000000524e-02
2.066459999999999131e-02
4.143759999999999111e-02
3.688174999999999093e-02
4.627572999999998715e-02
9.227549999999999294e-03
2.581093000000000970e-02
1.674649999999999750e-02
1.857429999999999498e-02
2.645329999999999557e-02
3.735064999999999219e-02
4.045044999999999891e-02
3.200479999999999298e-02
1.323525000000000222e-02
7.010740000000000027e-02
3.283435000000001214e-02
4.470495999999999498e-02
4.424315000000000886e-02
3.176079499999999445e-02
3.242194500000000063e-02
2.270844499999999377e-02
5.699035449999999975e-02
1.994841049999999949e-02
3.709346000000000171e-02
4.311927399999999910e-02
2.379428850000000345e-02
3.711632749999999731e-02
5.488683499999999493e-02
4.478656999999999777e-02
3.311706500000000108e-02
5.488529999999999798e-02
3.463319000000000120e-02
3.919527999999999207e-02
3.481920200000000049e-02
2.950626200000000532e-02
3.484234000000000636e-02
3.452306000000000125e-02
4.688760000000000150e-02
4.561114000000000140e-02
3.140159000000000700e-02
2.048304000000000097e-02
2.210044999999999024e-02
5.000885000000000052e-02
3.564233999999999458e-02
2.782589000000000937e-02
3.272819999999999896e-02
3.612084999999999602e-02
2.361415000000000042e-02
2.140670000000000073e-02
2.241489999999999108e-02
3.112155000000000477e-02
6.092035000000001199e-02
1.503120000000000844e-02
3.524259999999998505e-02
3.396134999999998738e-02
5.140605000000000868e-02
7.663670000000000204e-02
5.306310000000001581e-02
2.578569999999998433e-02
1.583270000000001204e-02
1.381879999999999914e-02
3.919649999999998830e-02
9.004114999999998648e-02
7.214399999999995816e-02
3.192290000000004568e-02
3.665299999999997727e-02
3.782419999999998839e-02
3.244449999999996642e-02
3.324300000000000865e-02
5.875899999999999873e-03
1.896009999999997281e-02
1.425920000000002567e-02
3.418209999999997917e-02
3.313789999999999791e-02
