FramewiseDisplacement
5.012009999999999382e-02
4.530770000000001324e-02
6.454189999999999927e-02
4.334219999999999046e-02
6.422180000000000943e-02
6.604959999999997222e-02
1.241023499999999863e-01
7.157945000000007219e-02
6.485879999999999423e-02
5.565814999999998264e-02
5.526924999999996424e-02
5.902629999999998295e-02
5.372864999999997504e-02
4.444730000000003678e-02
4.441239999999999077e-02
6.596190000000000386e-02
9.414139294999999963e-02
6.722735204999999437e-02
5.416030499999999887e-02
6.224144999999998984e-02
1.017337999999999854e-01
1.754879000000000022e-01
9.446235000000000048e-02
3.590849999999999598e-02
1.233887999999999929e-01
1.016998500000000083e-01
6.915080000000001226e-02
4.844576999999999217e-02
2.533872000000001248e-02
6.871089000000001057e-02
9.433471000000000217e-02
4.373277500000002233e-02
5.775314309999998036e-02
2.895599540000001054e-02
7.628449350000000850e-02
4.339502999999998722e-02
5.425339300000001086e-02
4.911487699999998735e-02
3.613100499999999382e-02
2.620452000000000545e-02
5.094917499999998545e-02
3.410027000000000197e-02
6.411424000000001677e-02
6.623716500000000063e-02
6.696036000000001043e-02
1.850364000000000175e-02
4.785451999999999761e-02
1.074529450000000080e-01
4.516644000000000214e-02
4.308559749999999605e-02
3.191706249999999578e-02
3.815224999999999866e-02
5.007561649999999615e-02
2.547515649999999854e-02
5.589952000000000115e-02
2.588871749999999694e-01
1.281210349999999942e-01
1.706785899999999634e-01
3.916998000000000008e-02
5.869679999999999342e-02
3.864166000000000128e-02
3.707650999999999308e-02
6.241736000000000506e-02
4.268408999999999398e-02
3.071024000000000670e-02
3.484457999999999306e-02
1.051989399999999908e-01
1.181780499999999928e-01
6.726039999999998409e-02
6.193120000000000569e-02
3.170869000000000465e-02
3.677330999999998962e-02
4.763603299999998736e-02
2.916072299999999951e-02
1.120084699999999989e-01
1.208422499999999983e-01
3.915734999999998661e-02
4.096431000000000378e-02
1.920334999999999404e-02
5.141196999999998740e-02
1.773185000000000039e-02
6.816368999999999900e-02
3.503237000000000712e-02
3.385160999999997644e-02
8.877264999999998074e-02
1.535739299999999974e-01
3.527641999999999584e-02
4.350980000000000125e-02
4.183102499999999391e-01
2.696601299999999979e-01
7.377274000000000331e-02
5.131356000000003581e-02
5.365165000000003681e-02
4.607355000000000478e-02
6.015845000000004383e-02
1.026521999999999990e-01
1.126307999999999754e-01
1.213112750000000101e-01
1.848342750000000478e-01
