FramewiseDisplacement
2.739480000000001081e-02
3.254139999999998423e-02
3.883144999999999653e-02
1.926004999999995221e-02
3.257330000000002723e-02
4.562584999999998170e-02
4.381660000000001109e-02
4.432550000000001073e-02
7.067201999999996043e-02
5.693331999999998866e-02
5.732266999999999224e-02
4.546808000000000793e-02
1.499121000000000654e-02
2.937344999999998499e-02
2.135104999999995826e-02
1.546265000000000313e-02
3.179545000000000982e-02
3.616799999999998488e-02
3.488970000000002347e-02
6.027694000000001495e-02
3.895345999999999531e-02
8.734914999999997265e-02
2.295055000000000359e-02
2.509070000000000050e-02
3.870904999999997403e-02
3.840650000000002395e-02
5.581374999999998837e-02
1.078926315000000025e-01
7.641272150000001651e-02
4.448309999999998376e-02
2.110624999999999307e-02
1.746194999999998651e-02
2.030769999999999798e-02
5.911492499999999872e-02
4.384557499999999775e-02
7.301810000000000245e-02
9.311670499999999406e-02
3.138870500000000285e-02
5.168509999999998383e-02
2.077715000000000117e-02
4.785534999999999095e-02
7.594399999999999762e-02
8.384239999999999748e-02
4.758740000000000886e-03
2.209523499999999779e-02
9.415019999999999639e-03
3.018699999999991139e-04
2.434577500000000005e-02
2.951556999999999792e-02
2.849866599999999889e-02
2.788965099999999447e-02
5.171295000000000058e-02
2.005074499999999829e-02
3.247515999999999597e-02
3.263111999999999957e-02
2.483283500000000102e-02
8.754999999999995425e-04
1.873479000000000116e-02
1.742660000000000042e-02
1.559060000000000480e-02
2.930475000000000441e-02
1.935670000000000446e-02
1.929455000000000059e-02
4.017798499999999939e-02
3.593858500000000206e-02
7.287358499999999073e-02
5.135678499999998814e-02
7.421825000000001338e-02
3.281906999999999880e-02
5.860501999999998685e-02
1.694900499999999616e-02
1.740545499999999329e-02
3.120014999999997860e-02
2.722874999999999601e-02
3.090020500000001044e-02
3.156996500000000538e-02
2.230496999999997954e-02
1.360429999999998932e-02
3.308799999999999936e-02
2.977205000000000823e-02
3.945009999999998795e-02
3.479800499999999297e-02
3.121711999999998363e-02
2.749852000000000546e-02
3.050954999999998599e-02
4.823552000000001089e-02
4.048027000000000569e-02
5.622329499999999258e-02
5.470646500000000967e-02
2.483825999999997314e-02
2.812706999999999360e-02
8.695843899999999849e-03
2.318299490000002433e-02
2.805220899999998421e-02
2.475378499999997262e-02
9.303648999999972885e-03
1.340234600000000248e-02
5.995215000000001654e-03
4.249854499999999174e-02
