FramewiseDisplacement
4.935974999999999391e-02
5.757250000000000562e-02
4.719135000000001384e-02
4.315990000000000104e-02
2.420235000000000442e-02
4.460664999999999769e-02
4.633440999999999255e-02
2.807779999999999651e-02
2.721320999999999463e-02
4.851245000000000557e-02
3.226550000000000251e-02
3.677537999999999641e-02
2.311131999999999770e-02
3.582380000000000980e-02
1.755729000000000317e-02
7.057684000000001567e-02
4.248190000000000299e-02
2.998574499999999768e-02
2.177432999999999799e-02
5.370064499999998436e-02
4.058359999999999745e-02
2.972015999999999547e-02
3.180825999999999099e-02
1.760940000000000422e-02
1.315390000000000309e-02
2.535623000000001084e-02
3.223146999999999124e-02
3.950135999999999231e-02
4.206859000000000293e-02
2.959959499999999244e-02
2.463019500000000056e-02
2.095537999999999568e-02
3.520787999999999696e-02
4.020848999999999951e-02
4.971030999999999367e-02
4.091782000000000058e-02
5.769251000000000240e-02
5.392684000000000366e-02
7.497046400000000055e-02
5.704522199999999960e-02
3.968759500000000606e-02
4.285094100000000350e-02
5.983395600000000064e-02
6.839061000000000445e-02
3.066826499999999664e-02
5.032061000000000173e-02
2.814193409999999826e-02
2.738342009999999993e-02
3.220717400000000508e-02
7.695315000000006386e-03
2.280891300000000357e-02
2.889894200000000385e-02
1.401614299999999827e-02
2.265083000000000374e-02
1.953355999999999842e-02
3.165600400000000147e-02
2.260411399999999460e-02
1.515810000000000074e-02
3.302127499999999577e-02
1.490564200000000367e-02
3.338765300000000324e-02
6.895039000000001417e-02
4.377189399999999175e-02
4.712385300000000027e-02
5.154665700000000961e-02
5.874764899999999901e-02
3.308223500000000150e-02
4.775897999999999255e-02
1.794820000000000096e-02
2.811235999999998902e-02
1.848338040000000598e-02
4.457700960000000878e-02
2.781792999999999766e-02
2.521916999999999562e-02
1.011567300000000003e-01
5.954817999999998529e-02
2.675307999999998118e-02
2.236436000000001367e-02
3.271946689999999380e-02
