FramewiseDisplacement
2.199955000000001354e-02
4.041619999999998547e-02
2.167125999999999775e-02
4.364061000000002410e-02
2.549524999999999708e-02
1.952649999999997096e-02
3.361709999999998311e-02
2.272648899999999972e-01
5.967696000000000112e-02
9.951128000000000751e-02
3.071725000000000497e-02
2.849779999999999675e-02
2.661125000000000990e-02
4.017584999999999212e-02
4.506349999999999245e-02
1.298194999999999905e-02
1.164384999999999899e-02
4.598205000000000348e-02
2.390838999999999465e-02
4.910558999999999757e-02
7.402865000000000140e-02
7.975052999999998615e-02
4.909622000000000291e-02
2.165820000000000592e-02
1.515969999999999991e-02
3.159290000000000709e-02
2.570401999999999756e-02
3.027398000000000242e-02
6.048647000000000051e-02
1.503247999999999737e-02
1.966425449999999880e-02
1.437734549999999598e-02
1.739720000000000155e-02
3.319586500000000495e-02
2.896947499999999454e-02
3.624377200000000049e-02
5.554535699999999659e-02
3.072506700000000868e-02
2.765275699999999309e-02
4.660529500000000491e-02
2.791659299999999996e-02
2.395724999999999938e-02
3.363774199999999825e-02
2.535617800000000005e-02
1.610209700000000271e-02
3.414976199999999323e-02
2.186240199999999953e-02
1.510351499999999791e-02
2.679664899999999531e-02
3.081312900000000160e-02
3.040639499999999579e-02
3.940992100000000053e-02
2.812301800000000310e-02
2.241207799999999847e-02
3.999694599999999850e-02
2.669163299999999933e-02
6.525133249999999496e-02
3.320292149999999609e-02
2.885441500000000131e-02
3.112107999999999888e-02
1.880645000000000580e-02
4.255160000000000192e-02
1.546289999999999991e-02
1.670604999999999313e-02
2.949884999999998966e-02
1.977370000000000169e-02
2.393345000000000194e-02
3.499549999999998842e-03
1.886285000000000392e-02
1.260545000000000242e-02
3.579079999999999762e-02
1.681254999999999902e-02
3.743049999999999849e-02
1.523345000000000081e-02
1.910465000000000427e-02
2.124105000000000090e-02
3.900825000000000820e-02
2.305684999999999679e-02
3.844780000000000419e-02
3.064904999999999019e-02
1.762710000000000318e-02
3.740372899999999667e-02
5.429069900000000476e-02
2.208001000000000061e-02
2.855547999999999073e-02
3.575944000000001038e-02
2.840539000000000605e-02
3.544538000000000549e-02
2.877509000000000663e-02
2.723398999999998571e-02
4.595162999999998638e-02
3.429898999999998754e-02
1.243735000000000153e-02
1.196019999999999202e-02
3.037425000000000194e-02
2.625860000000000694e-02
5.141039999999999499e-02
4.053525000000000184e-02
3.210320000000000534e-02
