FramewiseDisplacement
3.732384999999999869e-02
4.217980000000001034e-02
1.609689999999999385e-02
8.529994999999999938e-02
1.004330950000000000e-01
4.813124499999999611e-02
1.511591000000000184e-01
5.748611500000000429e-02
4.179761500000001712e-02
1.799675499999999762e-01
2.623743499999999784e-01
1.295704999999999600e-02
4.185040000000000981e-02
6.858949999999999769e-02
1.744280000000000483e-02
8.744675000000002099e-03
3.737327500000001135e-02
4.289729999999999238e-02
1.907670000000000546e-02
3.239829999999999793e-02
4.288500000000013655e-03
2.808711499999998890e-02
6.245023500000001365e-02
4.667720000000001590e-02
3.663070000000001603e-02
9.734600000000000197e-02
1.279967499999999925e-01
1.781976650000000328e-01
1.126307149999999924e-01
3.585539999999999561e-02
1.187612150000000033e-01
1.323788150000000108e-01
5.805350000000000094e-02
1.452393499999999893e-01
1.421116499999999783e-01
1.632395000000000027e-02
7.249394999999998757e-02
8.711104999999999543e-02
8.323505000000000487e-02
4.160359000000000973e-02
1.891851049999999645e-01
7.575837499999998892e-02
5.308108500000000007e-02
1.067543800000000098e-01
2.969557000000000099e-02
8.943341500000000222e-02
1.726044599999999873e-01
1.468050150000000109e-01
2.749148200000000042e-01
2.088238779999999906e-01
4.954781700000000094e-02
8.268008999999999775e-02
5.257069000000000325e-02
5.420582499999999915e-02
6.098924499999999749e-02
1.318385649999999909e-01
6.509779300000001490e-02
5.222760300000001132e-02
1.288838999999999957e-01
2.403288550000000079e-01
1.409678699999999951e-01
1.109992200000000095e-01
3.633079999999998255e-02
1.454024650000000363e-01
3.641508199999999446e-02
6.788976299999997799e-02
2.058362000000000039e-02
5.781887999999998917e-02
3.551168999999999853e-02
5.294022500000000048e-02
1.948084449999999967e-01
1.318169250000000015e-01
2.642687250000000376e-01
8.378756999999999178e-02
4.686994999999998662e-02
1.191373100000000101e-01
1.283754699999999915e-01
9.638935000000001252e-02
3.939685000000000409e-02
5.982590000000000130e-02
3.498286800000000030e-02
8.763612000000001179e-02
4.597299999999999998e-02
4.520759999999999362e-02
6.355221499999999524e-02
8.834183500000000744e-02
3.151101999999998682e-02
2.814164499999998945e-02
6.780136500000000233e-02
2.113852000000000439e-02
4.777087000000000000e-02
5.069215000000000526e-02
5.235619999999999857e-02
3.654415499999999484e-02
5.817947500000002214e-02
8.338398999999997729e-02
3.887380499999999739e-02
6.702865499999999255e-02
5.842876000000000319e-02
