FramewiseDisplacement
5.082684999999999287e-02
1.408738000000000212e-01
1.477705500000000560e-01
1.101524000000000530e-01
2.828534999999995914e-02
2.922250499999999862e-01
6.416018500000000291e-01
2.866879999999999984e-01
6.574209999999999776e-02
1.678545499999999357e-01
2.509618350000000220e-01
7.598636499999998628e-02
9.311810000000000920e-02
1.174385500000000304e-01
9.593155000000000432e-02
7.183245000000001990e-02
8.389855499999998578e-02
2.907633499999997401e-02
1.261900099999999636e-01
1.153318299999999824e-01
1.363499799999999818e-01
6.641864999999999575e-02
1.560748000000000135e-01
6.118687499999998780e-02
8.413597000000000437e-02
1.127362749999999830e-01
9.893698000000002157e-02
1.869992000000000043e-01
2.068361499999999964e-01
9.981654999999996225e-02
5.559096500000000607e-02
1.115357379999999815e-01
1.312327329999999903e-01
2.021051200000000270e-01
6.763706999999999359e-02
1.471659299999999726e-01
9.310994000000000215e-02
1.200235599999999875e-01
8.406681999999995880e-02
1.244076800000000343e-01
1.471208950000000015e-01
1.802589500000000011e-01
6.269652999999998644e-02
1.196623099999999940e-01
3.424913499999997918e-02
1.228849850000000021e-01
1.381282100000000013e-01
9.615432499999998495e-02
2.202170599999999923e-01
1.094431509999999885e-01
9.040201799999998677e-02
7.604534899999999820e-02
1.578907569999999927e-01
8.906206499999999582e-02
1.551437379999999755e-01
1.692276880000000150e-01
1.669618750000000096e-01
3.753698549999999745e-01
1.460814549999999989e-01
1.895437749999999977e-01
1.507645599999999919e-01
7.897955999999999033e-02
2.734999750000000063e-01
5.288769549999999819e-01
2.578165500000000332e-01
6.318991999999999665e-02
4.115342499999999903e-01
1.025270100000000018e-01
1.130065600000000059e-01
2.620806149999999612e-01
1.094213849999999821e-01
1.013620500000000091e-01
3.928715000000002761e-02
9.563830000000000942e-02
1.335067499999999796e-01
1.087446999999999997e-01
1.560254000000000085e-01
3.042486499999999539e-02
8.116321999999999426e-02
5.331312500000000981e-02
8.899552999999998937e-02
4.105024999999998953e-02
1.247625800000000118e-01
1.297956800000000244e-01
1.052858500000000280e-01
2.739186500000000413e-01
7.419140000000000457e-02
3.192980000000001511e-02
5.828139999999999710e-02
1.013751999999999986e-01
1.246075999999999850e-01
1.205723999999999824e-01
1.317887000000000364e-01
5.841444999999999277e-02
1.010661999999999949e-01
1.593387980000000037e-01
8.825981799999997601e-02
1.283401699999999757e-01
1.187945976500000139e-01
