FramewiseDisplacement
4.436564261000001258e-02
3.533463499999998925e-02
1.692890000000001754e-02
3.576117499999999227e-02
7.655258999999997593e-02
3.495080000000001796e-02
4.631785000000000069e-02
5.372509999999999092e-02
3.070509999999998518e-02
2.937084999999999696e-02
8.173820000000001085e-02
2.277475000000003108e-02
1.861735000000000473e-02
3.677139000000000102e-02
4.160848999999999104e-02
1.637429999999999788e-02
1.368772999999999795e-01
7.905965000000000908e-02
1.483324400000000098e-01
1.155836500000000239e-01
6.898823000000001149e-02
8.392187999999999037e-02
4.389588999999999991e-02
1.550616999999999274e-02
4.086436999999999709e-02
5.639093000000000577e-02
3.486632999999998705e-02
2.504192999999999350e-02
5.112248999999999960e-02
5.208876999999999952e-02
3.638993699999999720e-02
3.726308299999999546e-02
6.011786399999998615e-02
1.755580000000000682e-02
2.647850000000012347e-03
3.132704999999999518e-02
7.080312499999998066e-02
5.516630500000000575e-02
3.627710000000000656e-02
2.158941999999999459e-02
4.294277100000000458e-02
2.228292200000000362e-02
4.554082599999999259e-02
3.307158500000000056e-02
3.518278199999999578e-02
3.174619800000000325e-02
3.595119900000000313e-02
2.275857899999999753e-02
4.584519999999999568e-02
3.229821100000000028e-02
4.689374300000000162e-02
5.884769100000000058e-02
3.163286900000000096e-02
4.041331599999999774e-02
2.138717899999999922e-02
6.876257500000000633e-02
2.941129000000000313e-02
1.420179749999999665e-02
4.234835249999999857e-02
6.753562000000000454e-02
2.188023000000000051e-02
2.064128000000000143e-02
4.261302499999999882e-02
3.238377499999999659e-02
1.443692999999999713e-02
4.079912000000000122e-02
1.951656500000000308e-02
3.378247700000000520e-02
7.942205200000000687e-02
8.287326500000000151e-02
4.989679999999999116e-02
1.568382299999999951e-01
4.163057499999999606e-02
6.787325000000000996e-02
7.648439999999999406e-02
5.315606499999998846e-02
1.071520400000000178e-01
8.541476500000000360e-02
5.678195500000000201e-02
5.508008500000000085e-02
6.403305000000000802e-02
4.793680000000000857e-02
6.615406999999999538e-02
4.057280799999999493e-02
3.671547799999998890e-02
1.876164999999998736e-02
2.444436999999999305e-02
2.688241999999999715e-02
2.196719999999998882e-02
5.113875000000000365e-02
7.756549999999998168e-02
1.898599999999999940e-02
2.633749999999999980e-02
4.867029999999999273e-02
4.015490000000000725e-02
3.576230000000001075e-02
1.947910000000000960e-02
5.445934999999999665e-02
4.452939999999998982e-02
