FramewiseDisplacement
4.304584490000000485e-02
2.287265489999999735e-02
2.356269807999999966e-02
2.001253239999998754e-02
5.699666149999999334e-03
1.480611663000000119e-02
6.150983000000000145e-02
4.045590999999999771e-02
5.241666000000000381e-02
9.697839999999990565e-03
7.439289999999998404e-02
4.777039500000000022e-02
2.547692500000000096e-02
6.232504999999998602e-02
4.416633000000000364e-02
5.898549999999999627e-02
4.413947999999999483e-02
2.565065000000000400e-02
3.540486799999999212e-02
4.139084800000000786e-02
3.097053000000000306e-02
1.357961999999999538e-02
1.778354999999999519e-02
2.119134000000000295e-02
2.625701999999999897e-02
3.019237499999999352e-02
2.663843499999999503e-02
4.629324999999999413e-02
2.254662000000000333e-02
5.955087000000000574e-02
1.655366999999999950e-02
1.126331999999999507e-02
3.336389500000000452e-02
1.976340999999999515e-02
1.655466500000000313e-02
1.632255999999999985e-02
2.663549999999999945e-02
3.332497000000000931e-02
3.355911000000000310e-02
3.714201899999999834e-02
3.263233900000000326e-02
1.956915000000000390e-02
1.844768000000000102e-02
1.953201000000000243e-02
6.589902000000000259e-02
2.028850699999999729e-02
2.419284470000000048e-02
1.398170169999999636e-02
6.558834500000000622e-02
4.646862499999999951e-02
4.226819999999999883e-02
3.195077000000000333e-02
2.520803500000000363e-02
4.910702499999999859e-02
2.737597499999999684e-02
4.782652500000000168e-02
3.642336000000000185e-02
3.532968499999999956e-02
3.429373499999999880e-02
7.271016499999999327e-02
3.577488499999999932e-02
8.106306000000000622e-02
9.679219000000000017e-02
2.687708999999999585e-02
5.389221000000000289e-02
3.431369999999999559e-02
1.206932599999999967e-01
1.652465000000000184e-01
5.865109000000001682e-02
6.936615999999999616e-02
5.401205000000000589e-02
5.868749999999998967e-02
3.798634999999999512e-02
2.992389999999998940e-02
1.782305000000000694e-02
2.437294999999999739e-02
2.768059999999997883e-02
2.214410000000001030e-02
7.843999999999989869e-03
5.954459999999998920e-02
4.242019999999999819e-02
6.631853000000000053e-02
3.598859300000001316e-02
5.222337700000000138e-02
3.284335000000000032e-02
3.963656999999999597e-02
4.260163000000000144e-02
3.419612000000000346e-02
5.147144000000000025e-02
4.363775000000000986e-02
2.845189999999997096e-02
2.904964999999999978e-02
7.298765000000000114e-02
7.107664999999999123e-02
4.267835000000001766e-02
2.292439999999999756e-02
4.276400000000000340e-02
2.792280000000000456e-02
2.251190000000001176e-02
