FramewiseDisplacement
6.744682300000001685e-02
2.187946999999999462e-02
5.789028999999999009e-02
1.049627499999999936e-01
9.307549999999999157e-02
6.652074999999996185e-02
5.658770000000003242e-02
3.930851000000000484e-02
7.705163999999999069e-02
8.817976499999999329e-02
7.776260000000002892e-02
1.289703650000000035e-01
5.965961499999999917e-02
5.458056499999999062e-02
8.162623950000001682e-02
3.809395449999998517e-02
2.658953900000002313e-02
4.398502499999997623e-02
2.317584499999997966e-02
2.879712000000001978e-02
2.167944999999999942e-02
1.819442000000001669e-02
2.764095000000001134e-02
3.973588999999999594e-02
2.574874999999999733e-02
3.070316199999998871e-02
6.551997199999999577e-02
5.782231000000000870e-02
2.861016000000000253e-02
8.752741499999999730e-02
7.976486999999998773e-02
2.716782500000000100e-01
1.145230200000000170e-01
1.117369699999999910e-01
2.041805999999999482e-02
1.352998999999999695e-02
6.048888000000000181e-02
2.930830999999999367e-02
2.948177999999999910e-02
5.241000999999999993e-02
1.171004949999999989e-01
7.668961500000000264e-02
5.467663000000000384e-02
6.459000999999998938e-02
1.138030000000000985e-02
1.803470000000000073e-02
4.999924899999999561e-02
7.455680900000000166e-02
4.436023499999999786e-02
5.230959799999999882e-02
4.673840399999999728e-02
9.555498500000000894e-02
8.476338999999999402e-02
1.693380000000000926e-02
5.403397000000000061e-02
7.375230000000000674e-02
9.008889299999997546e-02
6.534993299999999894e-02
4.806960999999999873e-02
9.310451000000000144e-02
1.734586500000000198e-01
6.715350000000000485e-02
6.673511999999998112e-02
1.158933800000000042e-01
7.180160500000000445e-02
5.597185149499999540e-02
2.844144350499999696e-02
5.891672400000000365e-02
6.588831400000000338e-02
1.104526900000000061e-01
1.934258499999999825e-01
1.288745500000000044e-01
8.248030000000000639e-02
6.006964999999998139e-02
8.893755000000000410e-02
4.282904999999999351e-02
2.181670000000001178e-02
2.388839999999999020e-02
5.437802999999997305e-02
4.504627500000000367e-02
1.229730450000000169e-01
7.329224999999997547e-02
8.362501999999996660e-02
2.652318000000002465e-02
5.103869999999999241e-02
3.513796000000000974e-02
6.474499000000001614e-02
8.711394000000002857e-02
8.956994999999999540e-02
8.621916000000000302e-02
8.448729999999998741e-02
2.950209999999999638e-02
3.615559999999998914e-02
6.809700000000000475e-02
5.711449999999999860e-02
7.720954100000000653e-02
6.309136899999999437e-02
4.547899000000000386e-02
9.358099999999999752e-02
