FramewiseDisplacement
7.895254999999999634e-02
1.530221999999999971e-01
9.419740000000000058e-02
1.228805000000000036e-01
1.470381000000000049e-01
7.533745000000000025e-02
1.135941375000000114e-01
7.863973750000001484e-02
4.531314999999998261e-02
4.929219999999999435e-02
3.889513249999999867e-02
7.900553249999998917e-02
9.161476000000001729e-02
9.261852000000000973e-02
1.073758100000000021e-01
1.048068499999999792e-01
2.185705999999999483e-01
1.352224499999999940e-01
6.694170000000002063e-02
8.558145000000000335e-02
4.953838549999999841e-01
3.301779149999999885e-01
3.574942299999999684e-01
2.464798149999999910e-01
1.341784649999999968e-01
1.147756500000000068e-01
6.569698999999999678e-02
4.143546000000000035e-02
6.073755000000000126e-02
4.167184000000000860e-02
1.062584399999999957e-01
5.583189499999999944e-02
9.941022499999999096e-02
9.199220999999999093e-02
7.418565000000000575e-02
1.615175000000000360e-01
6.981090000000000906e-02
9.623895000000001754e-02
6.324359499999999967e-02
9.696799500000000127e-02
3.022074999999999761e-02
9.161069499999999199e-02
5.313905500000001142e-02
1.306731849999999973e-01
9.292763500000000843e-02
9.894540000000001667e-02
7.468024999999998970e-02
5.199356000000000116e-02
9.449915999999998484e-02
2.113836799999999905e-01
1.107751540000000007e-01
9.846182100000000492e-02
9.301174999999999027e-02
5.642133500000000301e-02
4.793499999999999844e-02
8.108490000000000142e-02
1.208768600000000026e-01
1.876782100000000120e-01
1.472006499999999884e-01
5.376184000000000518e-02
8.214984000000000175e-02
9.447635000000000061e-02
1.007689400000000013e-01
7.030620500000001050e-02
6.998706499999998720e-02
1.637585500000000027e-01
1.880345100000000158e-01
1.279574799999999846e-01
3.955824999999998925e-02
8.628296000000000576e-02
6.832502000000000020e-02
1.457531000000000243e-01
1.189113999999999866e-01
8.570270000000000665e-02
9.410679999999999046e-02
2.727629999999999638e-02
9.885900000000000243e-02
1.085061999999999971e-01
7.853470000000001283e-02
1.486013999999999946e-01
1.147708999999999951e-01
8.664169999999998817e-02
3.436240999999999879e-01
1.611328999999999678e-01
3.578570000000001056e-02
9.875059999999996618e-02
4.639660000000001699e-02
8.848169999999999646e-02
1.120128999999999847e-01
9.140029999999998989e-02
3.597129999999998384e-02
6.560989999999999878e-02
5.533359999999996892e-02
6.001790000000000597e-02
7.322180000000003131e-02
8.244680000000004227e-02
1.459432999999999980e-01
8.078900000000004133e-02
6.259639999999998261e-02
