FramewiseDisplacement
2.223260000000000514e-01
1.128302499999999930e-01
1.703197000000000183e-01
2.240586999999999718e-01
1.226741300000000062e-01
1.167205300000000168e-01
9.755775000000001251e-02
2.196034100000000266e-01
2.505862100000000314e-01
1.939268800000000237e-01
2.252460199999999912e-01
3.024617399999999789e-01
6.432235499999999773e-02
1.301977149999999916e-01
2.887817599999999985e-01
3.103018799999999744e-01
2.789814000000000460e-01
2.893046200000000123e-01
6.328816999999999082e-02
3.890955999999999859e-01
3.442873999999999657e-01
8.377835000000002919e-02
2.767219499999999943e-01
2.701317999999999775e-01
1.942580000000000140e-01
4.949545000000002415e-02
1.200578200000000095e-01
5.978167999999998983e-02
9.817960999999997274e-02
1.952713499999999824e-01
2.453716500000000522e-01
6.280750200000000394e-01
6.009553799999999280e-01
8.016556000000000237e-01
3.599008500000000499e-01
6.315450000000001618e-02
1.654624899999999899e-01
1.851710399999999812e-01
1.953648099999999999e-01
7.915429000000000215e-02
8.849659999999999471e-02
1.824127500000000124e-01
3.005428549999999976e-01
1.318935950000000024e-01
4.544892999999999850e-02
2.138331799999999838e-01
2.934645000000000170e-01
1.536772569999999838e-01
1.540360679999999982e-01
1.125490004000000155e-01
2.245074553999999722e-01
2.460917840000000079e-01
7.447623999999999911e-02
1.548228649999999762e-01
8.723898499999999112e-02
1.047477700000000039e-01
1.716297500000000253e-01
1.840823050000000016e-01
2.016531550000000284e-01
9.870885499999999813e-02
1.066294149999999913e-01
1.580154500000000017e-01
1.468420599999999965e-01
9.442825000000000524e-02
1.318005849999999979e-01
1.033760259999999986e+00
1.300580224999999812e+00
3.428049000000000235e-01
1.077521000000000034e-01
7.343505000000001559e-02
2.698676400000000197e-01
1.940482000000000040e-01
2.186422400000000155e-01
3.104623499999999980e-01
2.371349999999999847e-01
6.555535000000001222e-02
1.818876500000000118e-01
2.126497000000000248e-01
2.921605500000000744e-01
1.676769399999999965e-01
2.329010400000000036e-01
1.825241499999999684e-01
9.951659449999999962e-02
6.307444450000002090e-02
5.729380000000000583e-02
1.720737500000000253e-01
1.580770999999999982e-01
1.228556499999999968e-01
1.072646999999999906e-01
7.259674999999998768e-02
1.310730999999999702e-01
9.614849999999999786e-02
7.886445000000000261e-02
1.440717999999999999e-01
1.004433000000000270e-01
1.109322500000000239e-01
7.528124999999999400e-02
5.255219999999995867e-02
6.652849999999999042e-02
