FramewiseDisplacement
1.999862500000000043e-01
1.936407700000000176e-01
7.399990000000000734e-02
1.823445199999999544e-01
1.112523099999999238e-01
5.157834000000002805e-02
1.446058499999999525e-01
1.185414050000000580e-01
9.725580000000000336e-02
6.918305499999995167e-02
2.083084999999999798e-01
1.151527500000000537e-01
5.753655000000000574e-02
8.322559999999998293e-02
8.390265500000002041e-02
1.021990649999999778e-01
1.774992199999999853e-01
1.418392000000000264e-01
1.104551500000000436e-01
9.554359999999999242e-02
1.596643999999999564e-01
2.602496850000000639e-01
2.877380549999999926e-01
1.244621999999999812e-01
4.024969999999999243e-02
1.367877749999999726e-01
1.437988450000000085e-01
3.010480499999998796e-02
9.803981850000000886e-01
1.496851500000000168e-01
1.961202300000000343e-01
8.567657999999998830e-02
8.960139999999999771e-02
1.185585499999999570e-01
9.763716999999999535e-02
9.304527999999996635e-02
4.773945999999999051e-02
7.774827900000000347e-02
6.607997899999999702e-02
9.726070000000000548e-02
4.539815000000001211e-02
4.476539999999999686e-02
6.830668999999998936e-02
2.222566400000000053e-01
1.252021399999999896e-01
1.128553499999999932e-01
1.288810999999999984e-01
1.249985935499999812e-01
6.100274355000000204e-02
1.147152450000000073e-01
1.171412500000000162e-01
7.310461999999999516e-02
2.363081999999999336e-02
5.771001000000000603e-02
9.546402499999999403e-02
2.152077500000000032e-01
1.345959700000000092e-01
2.303715700000000255e-01
2.266933599999999827e-01
4.839601999999999099e-02
9.737287500000001150e-02
9.554028500000000257e-02
1.133746650000000133e-01
1.168502649999999948e-01
1.423097200000000284e-01
6.655588000000001170e-02
1.239108999999999905e-01
7.383329999999999060e-02
7.674924999999999109e-02
1.071898250000000025e-01
7.322047499999999320e-02
1.127315499999999859e-01
1.389732999999999941e-01
6.382252500000000495e-02
1.121146749999999970e-01
1.096754500000000077e-01
1.255046700000000126e-01
7.584571999999999148e-02
9.724417500000000214e-02
2.693740450000000064e-01
4.912959799999999655e-01
1.827005686999999823e-01
8.251320870000002083e-02
8.330783999999998024e-02
1.402639799999999826e-01
1.733589799999999681e-01
1.519446300000000249e-01
1.194878900000000133e-01
4.631546500000001398e-02
9.998569500000001331e-02
8.600793000000002408e-02
3.309677999999999232e-02
6.697701399999998750e-02
3.959028399999998948e-02
1.934384900000000185e-01
1.013774900000000284e-01
6.365315000000001944e-02
6.282314000000002729e-02
4.606256499999998866e-01
