FramewiseDisplacement
3.380106999999998862e-02
1.453678999999999041e-02
2.729372000000001436e-02
2.725014999999998688e-02
2.439645999999998441e-02
4.605830999999999814e-02
2.848940000000001541e-02
2.454760000000000622e-02
4.297780999999999824e-02
3.054255999999999291e-02
7.435512999999999151e-02
3.062523999999999802e-02
5.590339000000001113e-02
5.297749999999999682e-02
5.780690000000000828e-02
3.883950000000000596e-02
2.859119999999998676e-02
4.223129999999999939e-02
2.025135000000000823e-02
3.280424999999998620e-02
7.308807999999999971e-02
7.698902999999998609e-02
1.395734999999999511e-02
3.951575000000000226e-02
3.700599480000001107e-02
3.442097519999999522e-02
6.828233000000000219e-02
3.749310000000000836e-02
3.028268999999999753e-02
2.434489999999999918e-02
4.979023999999999950e-02
3.081343000000000623e-02
3.463785000000000475e-02
4.028230999999998785e-02
3.871066000000001478e-02
4.809868999999999950e-02
2.984718999999999220e-02
7.883639500000000355e-02
3.336789999999999895e-02
4.542959499999999623e-02
4.593505000000000504e-02
3.342584999999999307e-02
6.475713499999999345e-02
7.622807000000000888e-02
1.796706999999999818e-02
9.147169499999999176e-02
5.310421500000001016e-02
3.903617200000000786e-02
4.383037299999999886e-02
4.046374499999999541e-02
2.285373999999999739e-02
3.399263500000000021e-02
3.314874999999999766e-02
2.649968499999999852e-02
5.317540999999999934e-02
5.217745500000000453e-02
5.941106100000000806e-02
4.224332700000001106e-02
2.135898500000000047e-02
9.920695000000001942e-03
3.877905649999999899e-02
6.011012349999999421e-02
4.900018999999999902e-02
4.647992500000000526e-02
6.645367500000000371e-02
2.863570000000000004e-02
6.376119999999999011e-02
2.578029999999999211e-02
1.223539999999999524e-02
4.298244999999999150e-02
4.103310000000000290e-02
4.005752499999999661e-02
3.892606000000000538e-02
4.532768499999999257e-02
5.509740500000000207e-02
3.814777000000001139e-02
4.349746500000000599e-02
3.728874499999999814e-02
1.861277999999999197e-02
3.417139500000000024e-02
5.670439099999998595e-02
3.879406899999999353e-02
4.724267499999999093e-02
5.803186000000000455e-02
2.688682999999998657e-02
3.378549499999999872e-02
3.260414999999999841e-02
1.117054999999999090e-02
3.385364999999999902e-02
3.005729999999998472e-02
4.746319999999999706e-02
3.155270000000000991e-02
3.303450000000000136e-02
4.810285000000000255e-02
3.539905000000000829e-02
3.976779999999997817e-02
3.760530000000000816e-02
4.700184999999999780e-02
4.841159999999999214e-02
