FramewiseDisplacement
1.070317000000000490e-01
4.291459999999999719e-02
2.961979999999999127e-02
1.461183999999999816e-01
3.343980000000001257e-02
5.636969999999999481e-02
6.425764999999998561e-02
9.467010000000000702e-02
4.597915000000001723e-02
3.810030000000001749e-02
3.115485000000001170e-02
2.985290000000000166e-02
7.550884999999998848e-02
1.845144999999997690e-02
3.543734999999999247e-02
4.433440000000001685e-02
2.169569999999999832e-02
4.165007500000000168e-02
2.183174500000000656e-02
5.173997049999998904e-02
2.259445850000000450e-02
2.732251599999999808e-02
3.268411000000000927e-02
2.366466700000001075e-02
4.023100700000002000e-02
1.017893000000000270e-02
1.448371000000000554e-02
7.912069500000000477e-02
5.136830499999998911e-02
3.324708999999999304e-02
4.293234500000000370e-02
5.033906500000003004e-02
1.025926649999999857e-01
6.392952000000001744e-02
5.937684000000000017e-02
2.408087999999998854e-02
2.352397499999999211e-02
4.696948000000000095e-02
2.586164999999998951e-02
1.832144000000000827e-02
5.100109999999999366e-02
1.102438749999999912e-01
2.197517000000000220e-02
5.736909500000000883e-02
3.759370100000000020e-02
5.704891399999999918e-02
3.457750500000000143e-02
3.320537000000000488e-02
2.554443600000000369e-02
1.997252999999999876e-02
2.497209599999999918e-02
7.360561899999999713e-02
6.031567500000000609e-02
7.665808000000000344e-02
6.291370999999999769e-02
4.819322499999999926e-02
4.197247000000001171e-02
5.142086799999999458e-02
5.224259699999999479e-02
2.804087499999999636e-02
5.472510999999999348e-02
3.648742099999999211e-02
3.004661900000000010e-02
3.075169300000001049e-02
8.887779700000000838e-02
4.825717999999999674e-02
6.298167999999999822e-02
4.298364210000000379e-02
3.844898289999998386e-02
2.891126499999999502e-02
3.857254000000000238e-02
4.455621999999999361e-02
5.957532000000002187e-02
4.210255999999999027e-02
3.446547000000000499e-02
2.727717999999999463e-02
2.070261000000000670e-02
6.071300999999999781e-02
3.397626000000000118e-02
3.422902999999997975e-02
1.062555300000000008e-01
4.784444999999999670e-02
5.018115000000000769e-02
1.809361000000000649e-02
2.392444999999999641e-02
6.288361000000000645e-02
4.326810000000002460e-02
2.868465000000001291e-02
3.614204999999998807e-02
4.135741500000002929e-02
3.135151500000001035e-02
3.919434999999999586e-02
3.037670000000000300e-02
4.368711999999997514e-02
1.800940000000000527e-02
2.437149999999999733e-02
9.613636600000001475e-02
5.710047599999999723e-02
4.249076000000001629e-02
