FramewiseDisplacement
3.456821999999999673e-02
4.413572999999998414e-02
3.954302999999999291e-02
7.373192999999998720e-02
6.791789000000000853e-02
3.541751000000000621e-02
3.700984999999999692e-02
5.981254999999999211e-02
4.016490999999998424e-02
7.605552999999999619e-02
1.735090999999999370e-02
4.267078499999999580e-02
7.903411500000000200e-02
4.692734499999999531e-02
3.761663500000000243e-02
6.133267500000000316e-02
6.273732499999999657e-02
5.187688999999998107e-02
7.039890000000000037e-02
8.129228999999998928e-02
8.524165499999999951e-02
6.655843499999999913e-02
5.677527999999999048e-02
3.256807500000000188e-02
5.319373499999999894e-02
4.162959999999999577e-02
4.327559999999999740e-02
5.166350000000000803e-02
4.492307000000000938e-02
5.069831500000000074e-02
5.087376500000000135e-02
3.586028999999999606e-02
3.417818999999999718e-02
5.548526000000000846e-02
4.292946000000000262e-02
4.472961000000000298e-02
6.718511000000000621e-02
4.707926000000000472e-02
4.934357999999999800e-02
4.766222999999999987e-02
4.928782999999999775e-02
6.914212999999999609e-02
1.189365649999999941e-01
8.654317499999999996e-02
3.495716999999999575e-02
3.591970999999999359e-02
3.380004000000000342e-02
4.963247999999999965e-02
8.805645500000000570e-02
4.662364300000000628e-02
5.671394700000000066e-02
4.696494500000000794e-02
6.373961999999999684e-02
1.036632350000000063e-01
1.063669600000000104e-01
5.288932500000000092e-02
5.549663999999999986e-02
6.069827999999999335e-02
1.235892999999999714e-02
1.188762100000000238e-01
6.197716000000000336e-02
6.588142000000000997e-02
4.858632999999999702e-02
6.274092000000000557e-02
5.642905000000000143e-02
5.772671999999999526e-02
6.203575000000000061e-02
7.902050100000000687e-02
1.200981009999999988e-01
3.797882999999999121e-02
4.498543999999999460e-02
6.051047000000001064e-02
4.169870499999999564e-02
4.668699499999999503e-02
4.032784999999999842e-02
5.287755000000000233e-02
6.148296999999999790e-02
3.576584999999999487e-02
9.068861999999998369e-02
2.868325000000000041e-02
3.625955000000000150e-02
5.848065000000000208e-02
1.043356499999999881e-01
1.007502999999999871e-01
8.986660000000000481e-02
4.540180000000000604e-02
3.897734999999999395e-02
3.782627999999999685e-02
4.672772999999999510e-02
5.117179999999998952e-02
5.796704999999999913e-02
6.098025000000001361e-02
6.594344999999998680e-02
7.703669000000001876e-02
4.947549999999998477e-02
3.945648999999997603e-02
5.049255000000002491e-02
9.931079999999997687e-02
7.241639999999996413e-02
