FramewiseDisplacement
2.275034499999999821e-02
4.832483419999999974e-02
3.093323419999999963e-02
3.108189872999999465e-02
3.005527627000000382e-02
1.969001951000000014e-02
1.269676374999999593e-02
3.471181586000000180e-02
2.012441999999999703e-02
2.439908999999999481e-02
2.627977849999999990e-02
3.140568349999999648e-02
2.391967500000000135e-02
3.461580449999999975e-02
2.770090949999999899e-02
1.902511000000000133e-02
1.513794499999999987e-02
2.742922500000000152e-02
2.749114000000000071e-02
4.982847499999999707e-02
1.939637000000000305e-02
1.542793500000000373e-02
1.384061499999999709e-02
1.982088500000000336e-02
5.504489999999999036e-03
2.446162500000000073e-02
2.223526750000000274e-02
1.655505750000000123e-02
2.128615500000000105e-02
3.737057500000000310e-02
2.800064499999999762e-02
5.687114499999999101e-02
1.157010999999999977e-02
9.665874499999999384e-03
2.344625500000000265e-02
4.329732750000000324e-02
6.993155000000000898e-03
3.208516999999999619e-02
1.789848000000000133e-02
2.789562350000000454e-02
2.808815850000000169e-02
4.032839400000000352e-02
1.964299900000000126e-02
1.134698999999999951e-02
4.394263500000000072e-02
3.674879899999999172e-02
1.075663399999999929e-02
6.937659999999999140e-03
1.770116600000000082e-02
2.291239999999999943e-02
8.431314000000000516e-03
1.462873550000000009e-02
1.435106449999999992e-02
2.037697499999999856e-02
1.062680000000000222e-02
4.326905000000000681e-03
6.093565000000000439e-03
3.516315999999999192e-02
1.853968999999999756e-02
1.537437999999999999e-02
6.424434999999999174e-02
2.717292949999999818e-01
8.954474999999999241e-02
4.310606999999999633e-02
2.237346000000000126e-02
5.623587500000000461e-02
3.626477300000000015e-02
2.591007100000000327e-02
1.476747699999999934e-02
1.404396999999999417e-02
1.533829500000000526e-02
1.711640500000000120e-02
3.432172999999999474e-02
4.631117000000000566e-02
2.142196000000000725e-02
2.740788299999999747e-02
2.360827699999999696e-02
2.258611999999999773e-02
5.158652999999999156e-02
3.932558999999999361e-02
3.848112499999999797e-02
5.592831000000000191e-02
2.904630950000000253e-02
2.959860050000000242e-02
2.234097500000000250e-02
4.007825500000000707e-02
3.435778999999999916e-02
2.738697499999999743e-02
3.134929499999999924e-02
1.579601500000000006e-02
3.116892000000000273e-02
2.510547499999999169e-02
4.111300000000001065e-02
2.185501500000000194e-02
5.009267800000000853e-02
3.139044700000000188e-02
2.990963499999998998e-02
6.408273000000000441e-02
4.538860790000001644e-02
