FramewiseDisplacement
3.849224999999997787e-02
1.192778000000000171e-01
8.500009999999999510e-02
6.433634999999997273e-02
3.531900000000001011e-02
9.355324999999999058e-02
2.430018849999999730e-01
5.819831550000000853e-01
1.879015000000000268e-01
1.178822499999999940e-01
1.447067200000000109e-01
4.344986999999999461e-02
1.666933300000000284e-01
1.688756300000000266e-01
6.084529999999999800e-02
7.494211500000000359e-02
5.737417000000000211e-02
1.044938850000000086e-01
2.041608649999999969e-01
1.891880600000000190e-01
1.967959350000000052e-01
5.435957999999999762e-02
7.166118499999998837e-02
1.244788865000000105e-01
3.898084350000002168e-02
3.073684499999999528e-02
7.053947199999999196e-02
6.100134299999999260e-02
4.704202500000000120e-02
6.163964000000000248e-02
5.877463999999999605e-02
6.715920999999999697e-02
5.817971000000000253e-02
1.106261950000000244e-01
6.037688000000000083e-02
1.667896549999999811e-01
8.242533500000000235e-02
9.141126499999999155e-02
7.261620000000000574e-02
4.601889999999999453e-02
9.146037100000001252e-02
4.648964609999999692e-02
6.994159490000001478e-02
3.188760599999999890e-02
5.460172000000000636e-02
3.614314049999999695e-02
2.498979450000000935e-02
7.364262300000000427e-02
1.212638999999999939e-01
1.087749665000000143e-01
1.373778770000000093e-01
2.829832050000000848e-02
7.918191700000000444e-02
8.771421499999998428e-02
1.157505620000000013e-01
8.407881500000000119e-02
7.894636500000000445e-02
3.254916000000001447e-02
1.158952699999999947e-01
7.220991000000000215e-02
9.248110700000000683e-02
5.506122199999998607e-02
8.843168999999999336e-02
6.269417000000000739e-02
1.309972750000000241e-01
1.858666699999999838e-01
2.606281300000000134e-01
6.676715499999999470e-02
6.821970500000000548e-02
5.962563500000001709e-02
1.967111550000000264e-01
1.273987500000000050e-01
9.035871000000000874e-02
7.289305999999999564e-02
1.197391849999999841e-01
5.652944500000001149e-02
1.006328399999999734e-01
1.622461600000000004e-01
1.312397299999999434e-01
1.135379599999999795e-01
9.136847000000000718e-02
8.930251999999999635e-02
3.678650499999999018e-02
9.161418500000001464e-02
7.365811999999997972e-02
1.625356100000000248e-01
9.640787000000002049e-02
6.979215499999999461e-02
8.353458500000000841e-02
3.980350999999997946e-02
1.224216399999999844e-01
7.468185000000000795e-02
8.453341999999999801e-02
9.561962499999999976e-02
3.384326499999999044e-02
3.025806500000000065e-02
7.349555000000000671e-02
2.286792999999999118e-02
4.027855500000000061e-02
