FramewiseDisplacement
1.492669999999999830e-01
1.291725000000000789e-01
5.015300000000003089e-02
8.098649999999996130e-02
7.208099999999985352e-02
4.867700000000000499e-02
1.538655000000000439e-01
4.180578999999999823e-01
8.597239999999992111e-02
5.239805000000000157e-02
2.949820000000000220e-02
8.887225000000002761e-02
4.843299999999996219e-02
6.270855000000000179e-02
9.157755000000003531e-02
7.843199999999993233e-02
4.693404999999999105e-02
6.072784999999998601e-02
4.880230000000004842e-02
6.742075000000008478e-02
3.583285000000004106e-02
6.129815000000000957e-02
6.416854999999999087e-02
3.529549999999997967e-02
6.779349999999999266e-02
1.058419999999999639e-01
4.492100000000000259e-02
1.629700000000001633e-02
6.623149999999998483e-02
1.406865000000000476e-01
6.750500000000002332e-02
3.734350000000000169e-02
8.561731500000000494e-01
1.239918499999999590e-01
2.428644999999999832e-01
6.679619999999998614e-02
9.410815000000001540e-02
7.177790000000001946e-02
1.039359000000000116e-01
5.843472999999999723e-02
2.581034300000000226e-01
3.280222500000000152e-01
2.891017999999999644e-01
1.636056999999999928e-01
3.850979999999998987e-02
5.703185500000000629e-02
7.011763000000000023e-02
5.402125844999999815e-02
4.767421345000000948e-02
4.906350999999999768e-02
1.180625909999999945e-01
6.107500500000001553e-02
6.748599999999999044e-02
6.920215000000000394e-02
9.746267000000000125e-02
6.269811999999999608e-02
1.012083800000000006e-01
4.624946000000000612e-02
6.544480699999997986e-02
6.110069929999999427e-01
7.691725999999998731e-02
2.043910600000000133e-01
1.422702650000000069e-01
7.681416750000001625e-02
7.269366750000001709e-02
8.611404000000000281e-02
1.397600499999999968e-01
1.705009399999999897e-01
9.835365000000000080e-02
4.601169999999999566e-02
2.285091500000000220e-01
4.094160500000000313e-01
2.857552999999999899e-01
1.307770899999999847e-01
5.860559999999999381e-02
1.081347399999999931e-01
8.566012000000000626e-02
1.937344800000000145e-01
3.421522499999999495e-02
2.470842499999997832e-02
7.421301000000000980e-02
7.024252999999998359e-02
9.245569999999997401e-02
7.503496849999999330e-02
5.814301849999999050e-02
6.458043999999998896e-02
1.658597400000000055e-01
9.498150999999999122e-02
6.680900999999998813e-02
8.678415000000001822e-02
1.719169450000000432e-01
1.788637249999999734e-01
7.931178475000000283e-02
8.898453675000000951e-02
1.116635299999999831e-01
1.274710900000000091e-01
4.777523799999999071e-02
2.200814729999999997e-01
1.768394919999999870e-01
