FramewiseDisplacement
4.767679439999999470e-03
2.271798959999999507e-02
1.631424849999999968e-02
4.164100600000000124e-02
1.704816999999999791e-02
3.759321999999998970e-02
2.174098999999999476e-02
3.713113000000000524e-02
2.688530000000000086e-02
4.626320000000000432e-02
1.505684999999998969e-02
4.388140000000000096e-02
3.202440000000000841e-02
1.046839999999999750e-02
5.268259999999998916e-02
2.441955000000000514e-02
4.388824999999999671e-02
5.843299999999999883e-02
4.319745000000001223e-02
1.627777500000000127e-02
3.379918999999999979e-02
2.864193499999998990e-02
3.606039999999999940e-02
1.230555000000000017e-02
5.026563500000000989e-02
5.654008499999999687e-02
4.105994999999999784e-02
2.540429999999999772e-02
2.342709999999999584e-02
2.968474999999999586e-02
3.703554999999999348e-02
3.655119999999999897e-02
8.292399999999994914e-03
2.984030000000000016e-02
1.178794999999999496e-02
1.583185000000000842e-02
2.469299999999999273e-02
2.817552000000000251e-02
2.785991999999999635e-02
4.055413000000000073e-02
3.964667000000000191e-02
3.222264999999999852e-02
3.203091899999999104e-02
2.797694660000000361e-02
2.426877239999999936e-02
3.750261459999999769e-02
3.435422459999999678e-02
4.585346000000000560e-02
3.964685500000000168e-02
3.088313999999999990e-02
2.272653100000000120e-02
3.951620599999999817e-02
2.633123999999999881e-02
3.821122999999999881e-02
4.206697999999999688e-02
2.666840999999999656e-02
3.356831000000000398e-02
3.084256000000000150e-02
2.917042000000000246e-02
4.315254169999999806e-02
1.987328929999999938e-02
3.211443099999999884e-02
2.837186579999999986e-02
1.834957169999999749e-02
3.441400589999999565e-02
2.986464999999999953e-02
1.181499999999999738e-02
5.049947000000000463e-02
2.894938999999999846e-02
2.211723999999999982e-02
2.842654999999999835e-02
3.662357000000000112e-02
2.545114999999999877e-02
4.775545000000000484e-02
2.740079999999999599e-02
3.800680000000000031e-02
2.969709000000000237e-02
5.383970000000003545e-03
3.967091999999999147e-02
2.268665000000000265e-02
3.615019499999999608e-02
1.397030000000000494e-02
4.341339749999999914e-02
2.008587750000000866e-02
2.628924000000001232e-02
5.250634500000000982e-02
2.113981499999998889e-02
2.768410000000002050e-02
3.522740000000001981e-02
1.228688999999999892e-01
5.535085000000000005e-02
9.217444499999999374e-02
2.994999500000000009e-02
2.232480499999999965e-02
2.506809499999999163e-02
3.442951000000001038e-02
4.768459999999995202e-03
8.972423499999999941e-02
4.316888500000000406e-02
