FramewiseDisplacement
8.861649999999991756e-02
1.058308000000000304e-01
9.890750000000003705e-02
2.043125999999999831e-01
7.753190000000000082e-02
1.831893999999999467e-01
1.038700999999999791e-01
1.727252000000000232e-01
2.153625000000000123e-01
3.057368999999999781e-01
2.378692000000000029e-01
8.456179999999996477e-02
2.091379999999999906e-01
6.874319999999997655e-02
2.059691000000000438e-01
2.331587199999999582e-01
3.221390799999999666e-01
1.959953999999999863e-01
2.518356300000000325e-01
2.669895700000000094e-01
5.265568999999999111e-02
1.257517899999999467e-01
2.482505000000000406e-01
2.463831399999999727e-01
1.728301499999999602e-01
1.163362337999999940e-01
6.393127620000001177e-02
1.297847000000000028e-01
1.454971999999999654e-01
1.040608399999999739e-01
1.430365900000000190e-01
7.642225000000001101e-02
1.790083000000000368e-01
8.220529999999999504e-02
1.899986999999999926e-01
1.851754000000000178e-01
1.959647999999999946e-01
1.551547600000000027e-01
2.106044599999999933e-01
3.553742500000000581e-01
3.391507499999999453e-01
1.980310500000000140e-01
5.161345000000000516e-02
3.882531499999999913e-01
4.182209300000000463e-01
2.711172199999999921e-01
2.435920000000000030e-01
1.640037000000000023e-01
1.219198169999999859e-01
9.531702129999999884e-02
1.785665103000000087e-01
2.158707100000000212e-01
2.165858999999999979e-01
1.644950500000000315e-01
9.692580000000000640e-02
1.713371800000000056e-01
1.350679200000000080e-01
8.626591999999999594e-02
1.177209899999999976e-01
3.762182999999999500e-01
2.174995999999999874e-01
5.775090000000000778e-02
5.080974000000000323e-01
3.541494000000000031e-01
1.138804499999999942e-01
1.858779499999999862e-01
1.401438999999999879e-01
3.439013999999999682e-01
9.646919999999997719e-02
7.519875000000000864e-02
8.595395000000001506e-02
2.016446500000000364e-01
5.204864999999998104e-02
1.945355000000000001e-01
1.240006000000000025e-01
9.673920000000001129e-02
6.779100000000000403e-02
7.557679999999999954e-02
7.963786999999999949e-02
6.481947000000001791e-02
5.517460000000001807e-02
1.443775999999999948e-01
1.903983900000000007e-01
7.610510999999998971e-02
1.468875999999999793e-01
1.241034000000000165e-01
2.835620999999999836e-01
1.058406999999999959e-01
8.226838999999999680e-02
1.071616900000000178e-01
5.987820000000002030e-02
5.060340000000000671e-02
1.649190950000000433e-01
7.211295500000000636e-02
1.043476500000000140e-01
1.203227099999999994e-01
5.516618999999998996e-02
6.797870000000000301e-02
7.628021400000001284e-02
