FramewiseDisplacement
3.522100000000003006e-02
5.711339999999999473e-02
5.081089999999999912e-02
3.217290000000000427e-02
2.283050000000000010e-02
3.176695999999999964e-01
3.690007000000000148e-01
8.165603999999998530e-02
1.039012600000000092e-01
1.265065499999999954e-01
6.467441999999998248e-02
5.973157000000002548e-02
4.425375000000001530e-02
9.465695000000000359e-02
5.667615000000001541e-02
9.797254999999999159e-02
3.786453700000001060e-02
3.851643700000001447e-02
6.184850000000000070e-02
7.631255000000000677e-02
4.895235000000001252e-02
6.090385000000000243e-02
5.275445000000000134e-02
1.828990000000001170e-02
3.004695000000000629e-02
4.330789999999998946e-02
3.576594999999999774e-02
1.026521499999999837e-01
9.847770000000001522e-02
4.824933999999999473e-02
6.586526000000000880e-02
2.470850000000000476e-02
1.032160899999999965e-01
1.261783200000000105e-01
5.319626000000000215e-02
8.595108299999999757e-02
1.124894629999999979e-01
7.429805999999999910e-02
9.071066000000001239e-02
7.108343500000000037e-02
2.853536500000000004e-02
1.941552499999999945e-02
3.688497499999999346e-02
3.681931999999998872e-02
4.363216999999999790e-02
5.287646499999999750e-02
6.134395499999999862e-02
1.892748999999999474e-02
5.010465299999998512e-02
4.903679949999999871e-02
1.513660824999999988e-01
2.031194149999999976e-01
7.485452000000000772e-02
9.671746000000000509e-02
8.494182000000000121e-02
8.718597999999999626e-02
6.137356999999999535e-02
6.276677499999999688e-02
5.353783499999999890e-02
6.868293999999999788e-02
4.617949999999999139e-02
4.604019999999998947e-02
8.175499499999998310e-02
8.844075500000000978e-02
4.344004000000000615e-02
3.288068500000000671e-02
1.471941000000000395e-02
1.442204950000000249e-02
3.696702450000000778e-02
9.363095000000003221e-02
6.859740000000001670e-02
3.069829249999999135e-02
2.054309249999999518e-02
8.695111499999996774e-02
1.912761500000000406e-02
1.795124999999997070e-02
6.744821500000001968e-02
5.769145000000001217e-02
7.387344999999999329e-02
5.970739849999999738e-01
4.533906999999999798e-01
1.172312700000000124e-01
7.801916999999999880e-02
1.004770000000000107e-01
8.181109999999999771e-02
9.422155000000001501e-02
6.127244999999999220e-02
6.185510000000003089e-02
7.942860000000001586e-02
9.905064999999993458e-02
7.733049999999996871e-02
6.984974999999998824e-02
5.217575000000002072e-02
6.097685000000001299e-02
5.102180000000000604e-02
5.645334999999997855e-02
2.934819999999998402e-02
3.530930000000000873e-02
4.266200000000001241e-02
