FramewiseDisplacement
9.886050000000000393e-03
1.848403999999999672e-02
2.205769999999999259e-02
3.013517999999999405e-02
1.453187999999999702e-02
3.246131999999999490e-02
3.958164279999999702e-02
3.110856719999998549e-02
2.298587999999999673e-02
4.536232999999999932e-02
3.000237700000000368e-02
3.415825200000000006e-02
3.016733690000000107e-02
5.077657690000000196e-02
4.379294999999999716e-02
3.843377889999999991e-02
2.811111110000000246e-02
1.224478879999999978e-02
1.451661320000000380e-02
2.340502939999999921e-02
2.561758999999999911e-02
3.650529799999999853e-02
3.036843200000000076e-02
1.537634400000000706e-02
3.699768999999999280e-02
5.468849599999999617e-02
1.998934300000000316e-02
1.502957300000000093e-02
3.109679699999999894e-02
2.977874699999999777e-02
3.464807500000000040e-02
2.990786099999999739e-02
2.379384999999999487e-02
1.917353999999999586e-02
1.248285600000000224e-02
1.581627000000000380e-02
2.476013999999999299e-02
2.859742999999999660e-02
2.490434999999999871e-02
2.339570000000000191e-02
1.469366000000000075e-02
3.656989000000000073e-02
4.972570999999999936e-02
5.163372000000000100e-02
3.738963000000000009e-02
3.078777499999999639e-02
3.933269999999999822e-02
4.982164759999999776e-02
2.034648840000000125e-02
2.065796549999999662e-02
3.249188299999999224e-02
2.490466749999999813e-02
3.591184499999999780e-02
2.948656999999999667e-02
5.433221399999999673e-02
3.852812900000000124e-02
3.921626100000000226e-02
6.482019249999999844e-02
8.658565380000000922e-02
3.435482580000000230e-02
4.811495830000000334e-02
3.699117920000000864e-02
1.642096999999999307e-02
2.715687499999999699e-02
2.352794500000000150e-02
3.429553500000000199e-02
3.105875499999999345e-02
1.390217999999999662e-02
3.051949999999999802e-02
1.974559000000000730e-02
3.024568999999999175e-02
2.948614999999998876e-02
2.970738999999998978e-02
2.403398999999999119e-02
4.304547000000001622e-02
5.043957000000001689e-02
3.278598899999999455e-02
4.402920899999999971e-02
5.296629199999998427e-02
1.997452000000000949e-02
4.257916300000000320e-02
1.301717000000000325e-02
1.974751599999999621e-02
3.463647000000000253e-02
3.083939899999999651e-02
2.365850000000002326e-02
2.344246999999997916e-02
2.052066299999999802e-02
4.816433300000001749e-02
3.046420000000001072e-02
3.445354999999999251e-02
4.725150000000001571e-02
5.649049999999988803e-03
3.679914999999998187e-02
3.536467999999999556e-02
4.366453000000000695e-02
1.706594999999999640e-02
2.818160000000001844e-02
1.674360000000000431e-02
