FramewiseDisplacement
1.542805600000000110e-01
7.939811999999997483e-02
1.782755599999999996e-01
7.720647000000001314e-02
7.889840499999999091e-02
1.462721750000000043e-01
1.050138900000000125e-01
2.059016900000000261e-01
9.998680000000000068e-02
5.007245000000000446e-02
2.547631499999999938e-01
1.273639000000000021e-01
8.344882500000000425e-02
7.764321899999999943e-02
5.540897600000001255e-02
8.267933000000000920e-02
1.202152999999999972e-01
4.862890000000000268e-02
1.184471500000000010e-01
8.472874999999999157e-02
7.268344999999999667e-02
7.354839999999999989e-02
3.830300000000001065e-02
1.256462749999999740e-01
5.098917250000000179e-01
2.263698900000000180e-01
1.287339700000000031e-01
1.703268360000000370e-01
1.149784540000000077e-01
6.092804499999999318e-02
7.471453500000001247e-02
8.867176000000001612e-02
2.061990499999999948e-01
6.715009500000000686e-02
1.837454250000000178e-01
1.094057800000000080e-01
1.098552099999999809e-01
1.773474349999999977e-01
1.538578549999999878e-01
1.198080499999999854e-01
7.989461999999998565e-02
2.648654999999999760e-01
4.181359999999999938e-02
6.372527300000000450e-01
4.009749800000000919e-01
3.047033999999999576e-01
3.471756400000000076e-01
1.709477000000000080e-01
2.306654100000000152e-01
2.073528580000000288e-01
5.911706800000000872e-02
3.207356000000000096e-02
4.104249500000000106e-01
4.272534100000000001e-01
1.428672500000000012e-01
1.026582850000000158e-01
2.172343750000000351e-01
3.444572500000000481e-01
3.599719999999999309e-02
5.009830000000000533e-02
5.034995999999999361e-01
1.792057950000000288e-01
3.729624499999998483e-02
5.790759499999999921e-02
3.587160000000000348e-02
1.716436049999999769e-01
4.170104999999999645e-02
1.077058999999999933e-01
2.284951000000000065e-01
2.928503749999999961e-01
1.426163749999999897e-01
1.310615500000000266e-01
8.230380000000001028e-02
1.018825000000000147e-01
1.121304499999999926e-01
8.065454999999999153e-02
7.725935500000001566e-02
6.008350999999998582e-02
7.228104049999999059e-02
9.065662450000001871e-02
7.613165000000000904e-02
3.052225000000000632e-01
9.678494999999999460e-02
3.605450064999999871e-01
3.363213735000000204e-01
1.327413100000000012e-01
2.703361599999999920e-01
2.067019500000000232e-01
4.558082334999999929e-01
1.655500034999999592e-01
1.282377800000000234e-01
7.731290999999995694e-02
1.246331999999999857e-01
5.214839999999999753e-02
5.267510000000000248e-02
3.808635000000000492e-02
8.979863849999997205e-02
7.848018849999999214e-02
1.240571500000000049e-01
