FramewiseDisplacement
6.362135999999998792e-02
7.321970999999999341e-02
7.933560000000000612e-02
5.881050000000000860e-02
4.308594999999999786e-02
4.128545999999999605e-02
1.212334899999999854e-01
3.212812999999999919e-01
5.037127000000000132e-01
1.011791199999999974e-01
1.462582149999999970e-01
1.235380450000000130e-01
1.225717600000000018e-01
8.293986999999999887e-02
1.941348600000000202e-01
9.128846000000001570e-02
1.103831899999999921e-01
8.349447499999998468e-02
5.718777500000001013e-02
1.430321699999999863e-01
9.208832999999999602e-02
1.978440000000000060e-02
3.122893000000000197e-02
1.179528800000000099e-01
9.296155999999999864e-02
2.195668999999999399e-02
7.924250000000000738e-02
6.197472000000001091e-02
4.438148000000000093e-02
7.756170000000001119e-02
8.847792000000000157e-02
4.442049500000000428e-02
7.169688500000000186e-02
9.526983900000002281e-02
1.282965219999999962e-01
1.038261160000000100e-01
9.209696500000000285e-02
1.109824950000000143e-01
5.644420299999999835e-02
7.065228199999998293e-02
1.256113110000000033e-01
5.992882100000000711e-02
4.904979000000000283e-02
3.301007000000000247e-02
6.609678400000000564e-02
3.658259399999999606e-02
4.655894999999999478e-02
3.228220500000000132e-02
5.278381000000000739e-02
2.624907170000000123e-02
2.510716169999999831e-02
3.391218000000000010e-02
2.457037499999999847e-02
5.024528550000000038e-02
2.917088050000000293e-02
4.399002999999999941e-02
4.619840999999999531e-02
1.318953049999999766e-02
3.430574599999999807e-02
3.665046150000000197e-02
1.185156599999999949e-01
8.461005650000001654e-02
6.836213850000000258e-02
1.603244500000000280e-02
4.988185599999999525e-02
4.394273399999999719e-02
5.550534299999999172e-02
6.368260500000000324e-02
2.977457999999999494e-02
7.418307000000000373e-02
2.851658810000000377e-02
1.285081318999999889e-01
1.456632264000000121e-01
3.107831459999999685e-02
1.748639100000000390e-02
6.840091249999999401e-02
6.537385249999999592e-02
4.328873000000001137e-02
1.399290249999999847e-01
1.123042199999999963e-01
6.403640400000000510e-02
4.874692599999998904e-02
1.086259560000000096e-01
5.776097599999999860e-02
3.457803999999999739e-02
3.155480449999999992e-01
3.493211949999999733e-01
8.216642500000000127e-02
1.900143400000000315e-01
7.103663000000000338e-02
8.975903000000000354e-02
3.765604999999999647e-02
4.876920000000001254e-02
1.496682000000000012e-01
2.365608300000000552e-01
6.946662000000000670e-02
1.071569999999999120e-02
8.631739999999998858e-02
7.845821000000000045e-02
