FramewiseDisplacement
2.785092200000000018e-01
4.580236000000001417e-02
5.044959000000000943e-02
5.202302000000000315e-02
4.286143999999999371e-02
2.896660699999999491e-02
3.128727699999999529e-02
2.633814000000000641e-02
1.736609399999999512e-02
3.279175399999999935e-02
1.072037999999999637e-02
9.548920000000002406e-03
2.080445000000000211e-02
5.849516100000000385e-02
5.420372199999999585e-02
4.226883899999999555e-02
1.284995200000000129e-02
9.829399000000000816e-03
2.497622300000000226e-02
3.818897899999999790e-02
3.407862279999999966e-02
5.089468280000000039e-02
2.868478000000000000e-02
1.970519000000000437e-02
1.632750000000000173e-02
1.170549000000000242e-02
3.735898499999999733e-02
2.956051499999999901e-02
9.488029500000000338e-02
