FramewiseDisplacement
2.087970499999999494e-02
4.530340500000000492e-02
2.914095000000000227e-02
5.062604499999999452e-02
3.226734500000000283e-02
3.102130000000001206e-02
5.917799999999999450e-02
4.941400000000001347e-02
5.365075000000001093e-02
2.042704999999999868e-02
2.609080000000001121e-02
6.206510000000001193e-02
3.810180000000000511e-02
3.538451000000000096e-02
3.530385999999999247e-02
5.315485000000001042e-02
2.108720799999999618e-02
2.133164299999998695e-02
3.485761850000000661e-02
3.562608849999999994e-02
2.337689500000000170e-02
2.850234000000000448e-02
4.586145449999999568e-02
1.996487799999999840e-02
5.834591650000000435e-02
1.537665000000000212e-02
4.261863000000000457e-02
2.717507499999999993e-02
2.578311499999999534e-02
2.707812199999999614e-02
2.787997199999999939e-02
1.758478000000000124e-02
2.727273999999999671e-02
1.432818000000000459e-02
9.222750000000000045e-03
1.143552000000000110e-02
3.867873000000000144e-02
5.783992999999999773e-02
4.013079999999999425e-02
3.455539999999999307e-02
1.936149999999999677e-02
3.223260000000000014e-02
1.113460999999999965e-02
5.650999999999999773e-02
4.609159000000000173e-02
2.899843500000000296e-02
3.399796499999999805e-02
3.147960999999999815e-02
3.291839054999999570e-02
3.880041655000000117e-02
1.949130799999999886e-02
3.945619600000000587e-02
1.599867500000000040e-02
1.891414500000000026e-02
1.748128000000000182e-02
4.166486000000000495e-02
2.609926000000000260e-02
2.081321999999999686e-02
5.413128999999999857e-02
2.407474000000000072e-02
3.927760000000000279e-02
4.312455999999999928e-02
2.119337000000000304e-02
1.963098999999999747e-02
2.684623000000000564e-02
1.204447999999999630e-02
2.393575999999999343e-02
2.135205999999999910e-02
8.143753500000000534e-02
5.091741999999999796e-02
5.279570500000001221e-02
3.972777499999999989e-02
5.239205000000000251e-02
1.179514999999999904e-02
6.554996999999999907e-02
4.088239500000000193e-02
1.570066999999999297e-02
1.291672999999999606e-02
1.520736000000000136e-02
1.598841999999999625e-02
3.673751000000000100e-02
5.213058999999999749e-02
5.172119000000000022e-02
2.027693999999999330e-02
5.214785000000000253e-02
1.429080000000000281e-02
3.361510000000000192e-02
4.683435000000000376e-02
3.053735000000000130e-02
1.780794999999999600e-02
1.243615000000000172e-02
1.612565000000000526e-02
2.043325000000000002e-02
1.867370000000000141e-02
4.197499999999999842e-02
1.132374999999999701e-02
4.187630000000000519e-02
1.848939999999999959e-02
2.512259999999999494e-02
