FramewiseDisplacement
2.259356499999999948e-02
2.905955000000000343e-02
1.191120000000000026e-02
6.768300000000003133e-03
1.815524999999999778e-02
1.220094999999999513e-02
1.999006500000000131e-02
1.901096500000000813e-02
5.043711499999999071e-02
2.536744999999998931e-02
1.383320000000001077e-02
5.506441499999997768e-02
3.026786499999999797e-02
1.949475000000000860e-02
4.836966500000001307e-02
2.711966499999999766e-02
4.160234999999999628e-02
4.659291499999999170e-02
2.040452000000000238e-02
1.302301500000001451e-02
5.472266999999998716e-02
2.086836999999999373e-02
3.430380499999999278e-02
5.777150999999999120e-02
3.557015000000000871e-02
2.280391500000000099e-02
3.842020000000000157e-02
6.287633000000000805e-02
2.040598000000000065e-02
4.683749500000000676e-02
4.946782499999999305e-02
6.255232999999998933e-02
2.949433500000000000e-02
2.644681899999999641e-02
4.524604599999999810e-02
4.833856500000000000e-02
1.280542500000000049e-02
3.205673500000000287e-02
1.545262000000000718e-02
9.507089999999999291e-03
1.062334699999999653e-02
1.208104699999999927e-02
2.703426399999999882e-02
8.964999999999999011e-03
3.439017400000000252e-02
1.027289500000000064e-02
2.406298500000000201e-02
2.311985279999999310e-02
2.689762720000000301e-02
1.831419679999999814e-02
2.797429499999999972e-02
1.791007650000000020e-02
2.069595349999999931e-02
1.896679700000000052e-02
2.143814720000000035e-02
1.192292849999999731e-02
3.225512070000000758e-02
1.823047980000000456e-02
3.845800089999999727e-02
3.854501090000000268e-02
3.768396679999999610e-02
2.847599199999999511e-02
3.699932200000000115e-02
2.532414999999999666e-02
2.156171499999999866e-02
2.774644999999999889e-02
1.833461000000000118e-02
2.749743499999999022e-02
2.288352000000000094e-02
2.521389999999999743e-02
3.469794999999999130e-02
1.153485000000000101e-02
2.069368000000000249e-02
2.990214500000001191e-02
2.392406500000000130e-02
1.327139999999999223e-02
2.557299999999999851e-02
3.586288000000001364e-02
3.950445499999999388e-02
2.766103500000000048e-02
1.222749999999999532e-02
1.054230000000000445e-02
1.604759500000000130e-02
2.648255499999999790e-02
2.826121499999999925e-02
2.512235500000000593e-02
1.952774999999999997e-02
3.466964999999999630e-02
1.692544999999999814e-02
7.024206499999999243e-02
4.782628499999999616e-02
2.034745000000000303e-02
2.245110000000000855e-02
2.571860000000001159e-02
5.112355000000000371e-02
2.343455000000000538e-02
2.195484999999998410e-02
3.041900000000000853e-02
4.418885000000001562e-02
