FramewiseDisplacement
3.912960999999998829e-02
3.345898000000000622e-02
2.948940000000001282e-02
7.263069999999999249e-02
3.394039999999999557e-02
2.124578000000003353e-02
1.954591000000000314e-02
2.526826000000000766e-02
3.827788999999999497e-02
7.155665000000002718e-02
6.024701999999996366e-02
6.045677999999996693e-02
1.706834000000000823e-02
5.452622000000001412e-02
3.264124999999999666e-02
9.337934999999996863e-03
3.545996500000000301e-02
2.996307999999999611e-02
3.980809999999996435e-02
2.931557999999997652e-02
3.956448999999999383e-02
6.027954999999998731e-02
4.936133999999998273e-02
4.168369000000000102e-01
4.147764400000000240e-01
2.842390100000000142e-01
7.768134000000001538e-02
3.454354999999999926e-02
4.200035500000001004e-02
1.462619999999999372e-02
2.018494999999999664e-02
3.295633999999998676e-02
4.171727999999998854e-02
2.957659999999999803e-02
2.508254000000000039e-02
8.182919799999999189e-02
7.814288700000000809e-02
7.561241000000000489e-02
3.174748999999999627e-02
2.491818000000000158e-02
1.458153999999999353e-02
4.033989250000000193e-02
4.318032049999999400e-02
6.040215999999999641e-02
9.696924500000000946e-02
6.149192000000000546e-02
7.404319499999999221e-02
5.172841000000000244e-02
6.124124499999999971e-02
4.489307099999999967e-02
3.109332700000000047e-02
6.220658900000000657e-02
5.338013600000000164e-02
6.748216999999999410e-02
3.935356000000000271e-02
3.507613499999999440e-02
2.687337500000000143e-02
3.349583500000000158e-02
9.383101000000000635e-02
4.713228000000000556e-02
3.837517399999999801e-02
5.068587000000000092e-02
3.380154400000000281e-02
5.311690000000004325e-03
4.765799999999997122e-03
4.170216999999999674e-02
2.625837499999999700e-02
1.885164000000000631e-02
9.249953999999999121e-02
1.099158500000000094e-01
5.430370000000000336e-02
3.232739999999999919e-02
4.298002999999998852e-02
3.391188300000000377e-02
3.570178799999999125e-02
2.315663000000000096e-02
7.222875000000005333e-03
2.191322000000000755e-02
5.963163999999999271e-02
4.945302499999999074e-02
4.007008499999999834e-02
5.236943999999999627e-02
2.917307000000000580e-02
4.149821999999999539e-02
4.910125999999999380e-02
4.047301999999999844e-02
8.564728000000000618e-02
1.789808800000000089e-01
2.728668880000000296e-01
9.332074700000000944e-02
6.371152600000001831e-02
3.066628499999999799e-02
4.495835000000000109e-02
5.823629000000001693e-02
5.572563999999995826e-02
8.243670000000004328e-02
3.067359999999998837e-02
5.991025000000003292e-02
7.528314999999999313e-02
