FramewiseDisplacement
3.360293449999999377e-02
4.203798949999997675e-02
2.923306500000002681e-02
1.802225299999999919e-01
2.736144899999999880e-01
6.784376000000000295e-02
5.400124999999999370e-02
4.482464999999999367e-02
7.415591999999998629e-02
2.105453499999999922e-02
2.849288500000001292e-02
3.623344999999997956e-02
2.530540000000000220e-02
3.688055000000001193e-02
7.763199999999999268e-02
5.193649999999998962e-02
9.137159999999998339e-02
4.657519999999999022e-02
7.872159999999998881e-02
7.320232999999998214e-02
3.252566999999999264e-02
1.152118000000000031e-01
8.884214999999999474e-02
8.430084999999999662e-02
3.571155499999999205e-02
5.561103500000000310e-02
6.997819000000000955e-02
6.358230000000000826e-02
1.327740500000000046e-01
1.236549499999999996e-01
1.943615200000000098e-01
8.086326000000002012e-02
2.898478999999999639e-02
4.133562999999999821e-02
3.258163499999999768e-02
9.723223279999999857e-02
1.702932921999999738e-01
1.565669899999999892e-01
6.463767500000000554e-02
5.684176000000001200e-02
7.070584000000000591e-02
7.317642599999998887e-02
4.769184350000000433e-02
2.024522075000000088e-01
1.581316499999999570e-01
2.053861399999999948e-01
1.398316100000000228e-01
1.498328820000000006e-01
6.347369799999999507e-02
3.615049149999999961e-02
7.439777750000001189e-02
1.189215699999999903e-01
1.927310449999999897e-01
1.193872500000000003e-01
1.104523049999999729e-01
2.538443400000000016e-01
3.381673099999999987e-01
5.494874999999999066e-02
1.600469550000000185e-01
9.713324500000002082e-02
6.579419999999999713e-02
8.288246999999999975e-02
4.601840000000000097e-02
6.864612999999999965e-02
2.889270100000000396e-01
3.150744300000000164e-01
4.798055000000001763e-02
5.267065000000001329e-02
1.004318399999999945e-01
1.980028400000000133e-01
2.558179000000000425e-01
2.665848499999999843e-01
5.857184999999999475e-02
1.354049000000000225e-01
1.135555000000000037e-01
5.651629999999999848e-02
1.567404999999999493e-01
3.657291500000000584e-01
1.206852199999999958e-01
1.346947500000000020e-01
1.933111799999999714e-01
3.448070900000000272e+00
1.002481999999999873e+00
1.250405000000000821e-01
6.065899999999992825e-02
7.579700000000007265e-02
6.953449999999990194e-02
7.313250000000011408e-02
1.278384999999999383e-01
1.587705000000000088e-01
6.583550000000021329e-02
5.648699999999974575e-02
7.657749999999989565e-02
9.247000000000007991e-02
1.750830000000001274e-01
1.506659999999998556e-01
2.269694999999999907e-01
1.740548499999999554e-01
5.071265000000022699e-02
