FramewiseDisplacement
6.200489294999996653e-02
1.159911579499999928e-01
5.813964299999999780e-02
1.089556150000000057e-01
1.756981950000000015e-01
1.648599700000000223e-01
1.054684399999999828e-01
7.770938000000002233e-02
1.225403499999999785e-01
1.556021500000000224e-01
9.758427999999999547e-02
4.260585000000000067e-02
1.550174799999999575e-01
1.610591499999999565e-01
8.931990000000000762e-02
1.606155800000000078e-01
1.162632299999999813e-01
8.805245000000000433e-02
3.952156000000001806e-02
1.039276100000000036e-01
1.389618999999999993e-01
3.451984999999999082e-02
6.284539999999999571e-02
7.227304999999997759e-02
1.262442999999999760e-01
5.119339999999999308e-02
7.780311999999998951e-02
1.977092200000000188e-01
2.429748000000000185e-01
5.281104999999999827e-02
1.919378749999999800e-01
1.316552249999999868e-01
8.843302499999999844e-02
5.034410999999999747e-02
4.931253999999998111e-02
4.113446499999998118e-02
3.273755999999999194e-02
7.477495099999999228e-02
1.753253300000000986e-02
4.825479400000000363e-02
1.450215445000000436e-01
2.018486035000000012e-01
1.009929300000000085e-01
6.929665000000000130e-02
5.650573999999999875e-02
2.054650999999999839e-01
1.310683910000000063e-01
4.466665400000000008e-02
8.986207999999998308e-02
9.472828999999999278e-02
3.832938999999999791e-02
8.841182999999999681e-02
7.745102500000000667e-02
3.012806000000000511e-02
6.068843999999999628e-02
5.520726499999999842e-02
1.722062199999999932e-01
1.571559999999999901e-01
1.705363799999999874e-01
1.895751800000000098e-01
1.512374500000000233e-01
1.186980799999999836e-01
2.153733999999999926e-01
1.570039549999999728e-01
7.928435500000000080e-02
4.959865000000000107e-02
3.805962599999999918e-02
3.852170600000000278e-02
3.829285000000000327e-02
6.547419000000000155e-02
5.287970000000000170e-02
7.647891000000001105e-02
7.783867999999999343e-02
1.146837900000000077e-01
1.379271700000000156e-01
1.491703999999999947e-02
2.697335000000000357e-02
5.844754500000000352e-02
4.835409499999999972e-02
4.126763999999999433e-02
3.330361999999999906e-02
6.097790500000000585e-02
5.573078499999999103e-02
4.849122999999999628e-02
7.849769499999999234e-02
6.649461000000000954e-02
4.323453000000000018e-02
4.941382500000000150e-02
3.213877999999999874e-02
8.525913999999999715e-02
2.973377000000000658e-02
4.391434499999999352e-02
3.841105999999999687e-02
5.124938500000000841e-02
7.788960000000000328e-02
8.912231000000001013e-02
4.656427999999999262e-02
3.506132000000000692e-02
3.989013569999999564e-02
